-0.4992126800000001 0.0 11.487783420323224 0.0 0.0 0.0
5.676867056983551 0.0 0.0 0.0 0.0 0.0005739562800000003
2.86242376337868 0.0 0.0 0.0 0.0 0.0
-0.5 0.0 0.0 0.0 0.0 0.0
3.1539806454513 0.0 -0.0031373297946000003 0.0 0.0 0.0
-0.5 0.0 3.4476746154075686 0.013446000000000007 0.0 0.0
1.27872181815605 0.0 0.0 0.0 0.0 0.0
-0.95 0.0 0.0 -0.0443622708 0.4255713136398859 0.0
-0.5 0.0 -0.0031373297946000003 0.0 0.0 0.0
1.2000000000000002 0.0 0.0 0.0 0.0 0.0
0.0 0.0 0.0015833880000000007 0.0 0.0 0.0
0.0 0.0 -0.004050000000000001 0.0 0.0 0.0
-0.5732125996999999 0.0 7.89659875819531 0.0 0.0 0.0
-0.5 0.0 0.0 0.0 1.1980276939964059 0.0
1.875 -0.045000000000000005 0.0 0.0 0.0 0.0
5.588364343504254 0.0 0.0 0.0 0.0 0.0
-0.5 0.0 0.0 0.0 0.0 0.0
8.837313138514524 0.0 0.0 0.0 0.0 0.0
0.0983869366027002 0.0 0.0 0.0 0.0 0.0
4.3246805455227 0.0 0.0 0.0 0.0 0.0
-0.4193503700000001 0.0 3.600899901547236 0.0 0.0 0.0
0.0 0.0 3.7573335139139736 0.0 0.0 0.0
-0.5 -0.045000000000000005 0.0 0.0 0.0 0.0
-0.28175000000000006 0.0 0.6082797455498663 0.0 0.0 0.0
-0.8865787808281759 0.0 27.13644076058444 0.0007873200000000004 0.0 0.0
5.6653967748756004 0.0 0.0 0.0 0.0 0.0
0.0 0.0 0.0 0.0 0.0 0.0
0.0 0.0 0.0 0.0 0.0 0.0
0.0 0.0 0.0 0.0 0.0 0.0
4.0803697794243 0.0 0.0 0.0 0.0 0.0
0.0 0.0 0.0 0.0 0.0 0.015997341805778064
2.7894806454513 0.0 0.0 0.0 0.0 0.0
0.0 0.0 0.0 0.0 0.0 0.0
0.0 0.0 0.0 0.0 0.0 0.0
0.0 0.0 0.0 -0.0328986 0.0 0.0
0.0 0.0 0.0 0.0 0.0 0.0
-0.5 -0.045000000000000005 0.0 0.0 0.4087773156563008 0.0
0.0 0.0 4.389960208806567 0.0 0.0 0.0
-0.5 0.0 0.0 0.0 0.0 0.0
0.0 0.0 0.0 0.0 0.0 0.0
0.0 0.0 0.0 0.0 0.0 0.0
0.0 0.0 0.0 0.0 0.0 0.0
0.0 0.0 0.0 0.0 0.0 0.0
0.0 0.0 0.0 0.0 0.0 0.0
0.0 0.0 0.0 0.0 0.0 0.0
1.2000000000000002 0.0 0.0 0.0 0.0 0.0
0.0 0.0 0.0 0.0 0.0 0.0
0.0 0.0 0.0 0.0 0.0 0.0
0.0 0.0 -0.004050000000000001 0.0 0.0 0.0
0.0 0.0 0.0 0.0 0.0 -0.044212680000000004
-0.004050000000000001 21.019828769047656 0.0 0.0 0.0 0.0
-0.004050000000000001 30.231752474665768 -0.0036450000000000007 0.0 0.0 0.0
0.0 0.0 0.0 0.0 1.1950032232831422 0.0
0.0 8.584390557845694 0.0 0.0 0.1286306892 0.0
0.0 0.0 0.0 0.0 0.0 0.0
0.0 0.0 0.0 0.0 -0.004050000000000001 0.0
0.0 4.621193824137333 0.0 0.0 0.0 0.0
0.048156377292000015 0.0 0.0 0.0 0.0 0.0
0.0 0.0 0.0 0.006831833921866823 0.0 0.0
0.0 -0.5 0.0 0.0 0.0 0.0
0.0 6.967467823075039 0.0 0.0 0.016621200000000003 0.0
0.0 -0.5 0.0019222234297794371 0.0 0.0 0.0
0.0 33.1227506269159 0.0 0.0 0.03648519612000001 0.0
0.0 27.931677242294718 0.0 0.0 0.1578337349717211 0.0
0.0 21.25790589824784 0.0 0.0 0.0 0.0
0.0 16.71850490507302 0.9023692980027355 0.7260069881241311 0.018468000000000005 0.0
0.0 9.690193998809296 0.0 0.0 0.0 -0.045000000000000005
0.0 9.961456068054108 0.0 0.0 0.3200606892 0.0
0.0 -0.009751999999999872 4.281682331741092 0.0 0.013463172000000002 0.14376504818381333
0.0 10.805542855215538 0.18889468920000008 0.0 0.0 0.0
0.0 5.839063911941396 0.0 0.0 0.014959080000000003 0.0
0.0 -0.5 0.0 0.0 0.0 0.0
0.0 0.0 0.0 0.0 0.0 0.0
0.0 0.6880000000000002 0.0 0.0 0.0 0.0
0.0 0.0 0.0 0.0 0.0 0.0
0.0 19.16775279791032 0.0 0.0 0.067740858252 0.0
0.24420666560652002 0.0 0.0 0.0 0.0 0.0
0.0 1.2000000000000002 0.0 0.0 0.0 0.0
0.0 0.0 0.0 0.0 0.0 0.0
-0.004050000000000001 0.0 0.0 -0.004050000000000001 0.0 0.0
0.0 0.0 0.0 0.0 0.0 0.0
0.0 0.0 0.0 0.0 0.0 0.0
0.0 1.2000000000000002 0.0 0.0 0.0 0.0
0.0 0.0 0.0 0.0 0.0 0.0
0.0 0.0 0.0 0.0 0.0 0.0
0.0 -0.5003645 1.26684386219166 0.0 0.0 0.0
0.0 2.448606012251509 0.0 0.0 0.0 0.0
0.11853000000000002 30.226429118579855 0.0 0.0 0.0 0.0
0.0 0.0 0.0 0.0 0.014959080000000003 0.0
0.0 -0.5 0.0 0.0 0.0 0.0
0.0 0.0 0.0 0.0 0.0 0.0
0.0 0.0 1.2481594759724939 0.0 0.0 0.0
0.0 0.0 0.0 0.0 0.0 0.0
0.0 0.0 0.0007162407504000005 0.0 0.0 0.0
0.0 0.0 0.0 0.0 0.0 0.0
0.0 0.0 0.0 0.0 0.0 0.0
0.0 4.066431702264818 -0.5 0.0 0.0 0.0
0.0 0.0 0.0 0.0 0.0 0.0
0.0 0.0 1.2000000000000002 0.0 0.0 0.0
0.0 0.0 -0.5 0.0 0.0 0.0
0.0 0.0 32.108065276171246 0.0 0.0 0.0
0.0 0.0 47.69706858662191 0.0 0.0 -0.03645000000000001
0.0 0.0 5.165424246521188 0.0 0.0 0.0
0.0 0.0 1.2000000000000002 0.0 0.0 0.0
0.0 0.0 2.2800000000000002 0.0 0.0 0.0
0.0 0.0 4.5394622553944375 0.0 0.0 0.0
0.0 0.0 0.0 0.0 0.0 0.0
0.0 0.0 0.0 0.0 0.0 0.0
-0.03485921994 0.08734240513822158 49.55820388353323 0.19639260000000003 0.0 -0.0025719120000000004
0.0 0.0 35.51565905313744 0.0 0.0 0.004677730560000003
0.0 0.0 0.0 0.0 2.160191931378549 -0.045000000000000005
0.02135803810866041 0.0 19.918687773509525 0.0 0.0 0.007958230560000005
0.4740085902061139 0.0812132368202462 55.01297991462408 0.0 0.0 -0.045000000000000005
0.7454459060166811 0.7016146896986192 52.734410804149945 1.6301505890556947 0.020417024140593674 0.018073229334275215
0.0 0.0 16.587483862697823 0.0 0.0 0.0
0.0 0.09720000000000004 27.05785930934834 0.0 0.0 -0.0066219120000000015
0.0 0.9034520452426802 50.39200069817906 0.0 0.0 0.0
0.0 0.0 27.51934472613674 0.0 0.0 0.0
0.013168255422456383 0.007873200000000004 15.02753673064827 0.0 0.0 0.0
0.0 1.6100649702786698 -0.5 0.0 0.0 0.0
0.0 0.0 12.670717934576103 0.0 0.0 0.0
0.0 0.0 10.994541588114982 0.0 0.0 0.0
0.0 0.0 0.0 0.0 0.0 0.0
0.0 0.0 1.2000000000000002 0.0 0.0 0.0
0.0 0.0 0.0 0.0 0.0 0.02542531494400026
0.0 0.0 40.46751111524762 0.0 0.0 0.0
0.0 0.0 0.0 0.0 0.0 0.0
0.0 0.0 0.0 0.0 0.0 0.0
0.0 0.0 0.0 0.0 0.0 0.0
0.0 0.0 0.0 0.0 0.0 0.0
0.0 0.0 0.0 0.0 0.0 0.0
0.0 0.0 0.0 0.0 0.0 0.0
0.0 0.0 30.3114538247059 0.0 0.0 0.004590495504000002
0.0 0.0653406289311718 0.0 0.0 0.0 0.0
0.0 0.0 0.0 0.0 0.0 0.0
0.0 0.0 0.0 0.0 0.0 0.0
0.0 0.0 0.0 0.0 5.598837388538854 0.0
0.0 0.7844671496522464 66.58497570561849 0.0 0.0 0.006446166753600003
0.0 0.012863068920000002 0.0 0.0 0.0 0.0
0.0 0.0 5.407337919447772 0.0 0.0 -0.0031752000000000004
0.0 2.2139931456664237 0.0 0.0 0.0 0.0
0.0 0.0 4.283536518585834 0.0 0.0 0.0
0.04855500000000001 0.0 0.0 0.0 0.0 0.0
0.0 0.0 0.0 0.0 0.0 0.0
0.0 0.0 0.0 0.0 0.0 0.0
0.0 0.0 0.0 3.2366037143571624 0.0 0.0
0.0 -0.045000000000000005 0.0 0.0 0.0 0.0
0.0 0.0 0.0 3.2520000000000002 0.0 0.0
0.0 0.0 0.0 0.0 0.0 0.0
0.0 -0.004050000000000001 0.0 -0.01849999999999985 0.0 0.0
0.0 1.5418365230947195 0.0 -0.5 0.0 0.0
0.0 0.0 0.0 14.247069303066489 0.0 0.0
0.0 0.0 0.0 0.0 0.0 0.0
0.0 0.0 0.0 -0.95 0.0 0.0
0.0 0.0 0.0 0.0 0.0 0.0
0.0 0.0 0.0 4.942743342921446 0.0 0.0
0.0 0.0 0.0 -0.5 1.8225488105643597 0.0
0.0 0.0 0.0 1.2285391690200003 0.0 0.0
0.0 0.0 3.19745253187509 -0.5 0.0 0.0
0.0 0.0 0.0 7.532942644733721 0.0 0.0
0.0 0.0 0.0 9.183402081563537 0.0 0.0
0.0 0.0 0.0 19.338665031658998 0.0 0.0
0.0 0.0 0.0 21.435206058762503 0.0 0.0
-0.036763105042188 0.0 0.0 27.459659529062574 0.211658325516072 0.0
0.0 0.0 0.0 7.671366998950063 0.0 0.0
5.7395628000000034e-05 0.0 0.0 10.57773534003707 0.0 0.0
0.0 1.8210787323062323 0.0 0.0 0.0 0.0
0.0 0.0 0.0 13.797349253493131 0.0 0.0
0.0 -0.004050000000000001 0.0 0.0 0.0 0.0
0.0 0.0 0.0 1.2000000000000002 0.0 0.0
0.0 0.0 0.0 0.0 0.0 0.0
0.0 0.0 0.7797075163063972 0.0 0.0 0.0
0.0 0.0 0.0 0.0 0.0 0.0
0.0 0.0 0.0 0.0 0.0 0.0
0.0 0.0 0.0 1.2000000000000002 0.0 0.0
0.0 0.0 0.0 0.0 2.4804185431175374 0.0
0.0 0.0 0.0 0.0 0.0 0.0
0.0 0.0 0.0 0.0 0.0 0.0
0.0 0.0 0.0 0.5800000000000001 0.0 0.0
0.0 0.0 0.0 0.0 0.0 0.0
0.0 0.0 0.11587320000000004 0.0 0.0 0.0
0.0 1.806504878296591 0.0 0.0 0.0 0.0
0.0 0.0 0.0 0.0 0.0 0.0
0.0 0.0 0.0 0.0 0.0 0.0
0.0 0.0 0.0 0.0 0.0 0.0
-0.003992604372 0.0 0.0 -0.5 0.0 0.0
0.0 0.0 0.0 0.0 0.0 0.0
0.0 0.0 0.0 7.860903183918463 0.0 0.0
0.0 -0.0003645000000000001 0.0 0.0 0.0 0.0
0.0 0.0 0.0 0.0 0.0 0.01170000000000003
0.0 0.0 0.0 0.0 0.3117290902666072 0.0
0.0 0.0 0.0 0.0 0.0 0.0
0.0 0.0 0.0 0.0 0.0 0.0
0.0 0.0 0.0 0.0 3.2281365697212023 -0.045000000000000005
0.0 0.0 2.1311344805317476 0.0 0.0 0.0
0.0 0.0 0.0 0.0 5.040539038134993 0.0
0.0 0.0 0.0 0.0 3.1547047266380304 0.0
-0.03774153330000001 0.43266823317410935 0.0 0.0 -0.5 0.0
0.0 0.0012116854800000004 0.0 0.0 6.844772851455069 0.0
0.0 0.0 0.0 0.0 8.50680774954944 0.0
0.0 0.0 0.0 0.0 9.872064451510967 0.0
0.0 0.01727311478020073 29.081301107232715 0.0 -0.5 0.0
0.0 0.0 0.0 0.0 5.846482105370225 0.0
0.0 0.0 0.013463172000000002 0.0 0.0 0.0
0.0 0.0 0.0 0.0 6.181885696491705 0.0
0.0 0.0 0.0 0.0 6.049328460646571 0.0
0.0 0.0 0.0 0.0 10.112778260339233 -0.045000000000000005
0.0 0.16621200000000003 0.0 0.0 9.651422019615914 0.0
0.0 0.0 0.0 0.0 4.905692217835663 0.0
0.0 0.01888946892000001 0.07066800000000001 5.1656065200000035e-06 10.984752469988107 0.232006868021524
0.0 0.0 0.0 0.0 6.335941371890156 0.0007873200000000004
0.0 0.0 0.0 0.0588447875628 4.5713818199979 0.0
0.0 1.0351650398508 -0.04050000000000001 0.0 14.487076877438373 0.0
0.0 0.28910408043841207 0.0 0.0 14.47154538623465 0.0014959080000000009
0.0 0.0 0.0 0.0 5.922047662771062 0.0
0.0 0.23707079999999997 0.0 0.08748000000000003 4.5907738993896015 0.0007873200000000004
0.0 0.0 0.0 0.0 0.0 0.0
0.0 0.0 0.0 0.0 3.5202208887067723 0.0
0.0 0.03898156172257081 0.0 0.0 0.0 0.0
0.0 0.0 0.0 0.0 1.552 0.0
0.0 0.0 0.0 0.0 0.0 0.0
0.0 0.0 0.0 0.0 1.2000000000000002 0.0
0.0 0.0 0.0 0.0 0.0 0.0
0.0 0.0 0.0 0.0 0.0 0.0
0.0 0.0 0.0 0.0 0.0 0.0
0.0 0.0 0.0 0.0 7.296866438250698 0.0
0.0 0.0 0.0 0.0 0.0 0.0
0.0 0.0 0.0 0.0 0.0 0.0
0.03172420637712638 0.0 0.0 0.0 0.0 0.0
0.0 0.0 0.0 0.0 1.2000708588000002 0.0
0.0 0.0 0.0 0.0 0.0 0.0
0.0 0.0 0.0 0.0 3.1921442258034025 0.0
0.0 0.0 0.0 0.0 1.2000000000000002 0.0
0.0 0.0 0.0 0.0 5.34444641672498 0.0
0.0 0.0 0.0 0.0 0.0 0.0
0.0 0.0 0.0 0.0 0.0 0.0
0.0 0.0 0.0 0.0 2.7569246509542706 0.0
0.0 0.0 5.100153341640591 -0.085495350954132 -0.06349999999999989 -0.025665790915640516
0.0 0.0 0.8926615305069263 0.198519048 0.0 0.0
0.0 0.0 0.0 0.0 2.2742850000000003 0.0
0.0 0.0 0.0 0.0 0.0 -0.5
0.0 0.0 0.0 0.0 0.0 0.0
0.0 0.0 0.0006377292000000004 0.0 0.0 0.0
0.0 0.0 3.609150855428171 0.0 0.0 -0.5
0.0 0.0 0.0 0.0 0.0 1.2000000000000002
0.0 1.0698535471771082 -0.02571912 0.0 0.0 -0.95
0.0 0.0 0.0 0.0 0.0 0.0
0.0 0.0 0.0 0.0 0.0 -0.95
0.0 0.0 0.0 0.0 0.0 -0.5
0.0 0.0 0.0 0.002333242424268 0.0 -0.95
0.0 0.0 -0.03528 0.0 0.0 2.892734782045455
0.0 0.0 0.0006377292000000004 0.0 0.07873200000000002 4.66462645215568
0.0 -0.045000000000000005 0.0 0.0 0.15997341805778062 0.0
0.0 0.0 0.0 0.0 0.0 5.078824805161022
0.0 0.0 0.0 0.0 0.0 -0.491252
0.0 0.0 0.0 0.0 0.0 3.0862819653331
0.0 0.0 0.0 0.0 1.053971350261765 -0.5
-0.03681450000000001 0.0 0.07958230560000003 0.0 0.0 0.26023009463338015
0.0 0.0 0.0 0.0 0.0 0.0
0.0 0.0 0.0 0.0 0.0 2.9090401076635994
0.0 0.0 0.0 0.0 0.0 -0.49028000000000005
0.0 0.0 0.0 0.0 0.008748000000000004 2.2327991809092516
-0.025357500000000005 -0.045000000000000005 0.0 0.0 0.0 4.24896185846936
0.0 0.0 0.051710400000000024 5.338094630963366 0.10800000000000004 1.0917134923138674
0.0 0.0 0.0 0.0 0.0 0.0
0.0 0.0 0.0 0.0 0.0 0.0
0.0 0.0 0.0 0.0 0.0 0.0
0.0 0.0 0.0 0.0 0.0 0.0
0.0 0.0 0.0 0.0 0.0 1.197717825
0.0 0.0 0.0 0.0 0.0 0.0
0.0 0.0 0.0 0.0 0.0 0.0
0.0 0.0 0.0 0.0 0.0 1.2000000000000002
0.0 0.0 0.0 0.0 0.0 0.0
0.0 0.0 0.0 0.0 0.0 -0.5
0.0 0.0 0.0 0.0 0.0 0.0
0.0 0.0 0.0 0.0 0.0 1.7330350000000003
0.0 0.0 0.0 0.0 0.11587320000000004 0.0
0.0 0.0 0.0 0.0 0.0 0.0
0.0 0.0 0.0 0.0 0.0 0.0
0.0 0.0 0.0 0.0 0.0 0.0
0.0 0.0 0.0 0.0 0.023707080000000002 0.0
0.0 0.0 0.0 0.0 0.0 0.0
0.0 0.0 0.0 0.0 0.0 -0.283596782351
0.0 -0.045000000000000005 0.0 0.29268 0.0 0.0
0.0 0.0 0.0 0.0 0.0 -0.5
0.0 0.0 0.0 0.0 0.0 2.2846539360000007
0.0 0.0 0.0 0.0 0.0 -0.40551800000000005
0.0 0.0 0.0 0.0 0.0 0.0
