-0.023150214835701302 -5.904900000000002e-05 0.0 0.0 20.365928093046332 -0.006302358900000001
12.723705496349817 0.0 0.0 0.0 0.0 -0.0015777827999999996
-0.1 0.0 -0.0008100000000000002 0.0 0.0 -0.008100000000000001
5.854186895885856 0.0 0.0 0.0 0.0 0.0
-0.037455444122688836 0.0 0.0 -0.013622205994638734 0.0 -0.0008304119999999999
3.4105948618343414 0.0 0.0 0.0 0.0 -0.0015390000000000002
-0.271 0.0 0.0 0.0 5.858670813458145 0.0
2.613661403901993 0.0 0.0 0.0 0.0 0.0
0.0 0.03067427729798429 0.0 0.0 0.0 0.0
1.2000000000000002 0.0 0.0 -0.01429711526428794 -0.008100000000000001 0.0
-0.19 0.12712778702733504 0.0 0.0 0.0 0.0
0.0 0.0 0.0 0.0 0.0 0.0
5.43145134111986 0.0 0.0 0.0 0.7173002107227318 0.0
15.53253655878594 0.0 0.0 0.0 0.0 0.0
-0.19 0.0 0.0 0.0 0.0 0.0
2.0492 0.0 0.0 0.0 0.0 0.0
0.0 4.819499837503292 0.0 0.0 0.0 0.0
2.2800000000000002 0.0 0.0 0.0 0.0 0.0
-0.1 0.0 -0.0008100000000000002 0.0 0.0 0.0
0.0 0.0 0.0 0.0 0.0 0.0
0.0 0.0 0.0 0.0 0.0 0.0
9.511672792880937 0.0 0.0 0.0 0.0 0.0
0.0 0.0 0.0 0.0 0.0 0.0
2.668294479002178 0.0 0.0 0.0 0.0 0.0
-0.38865688620063316 -0.0009617337846127448 0.0 -0.0007290000000000002 18.25922179935473 -0.0015390000000000002
0.7780413132630952 0.0 0.0 -0.009084118662 0.0 0.0
-0.1 0.0 0.0 0.0 0.0 0.0
0.0 0.0 0.0 0.008844832924200002 0.0 0.0
0.0 0.0 0.0 0.0 7.788667380050221 0.0
3.2222781210686753 0.0 0.0 0.0 0.0 0.0
0.0 0.0 0.000269577823869953 -0.0008100000000000002 0.0 0.0
2.330325492686424 0.0 0.0 0.0 0.0 0.0
-0.1 0.0 0.0 0.0 1.2138190035701406 0.0
0.0 0.0 0.0 0.0 0.0 -0.0006149239513200001
-0.1 0.0 0.0 0.0 0.0 0.0
0.0 0.0 0.0 0.0 0.0 -0.0171729
0.0 0.0 0.0 0.0 0.0 0.0
-0.1 0.0 0.0 0.0 0.0 0.0
0.0 0.0 0.0 0.0 0.0 0.0
0.0 0.0 0.0 0.0 0.0 0.0
0.0 0.0 0.0 0.0 0.0 0.0
-0.1 0.39335076336241115 0.0 0.0 0.0 0.0
0.0 0.0 0.0 0.0 0.0 0.0
0.0 0.0 0.0 0.0 0.0 0.0
-0.1 0.0 0.0 0.0 0.0 0.0
3.9741688901514816 0.0 0.0 0.0 0.0 0.0
-0.1 0.0 0.0 0.0 0.0 0.0
0.0 0.0 0.0 0.0 0.0 0.0
-0.0007290000000000002 -0.03907930598180781 0.0 1.744469373975488 0.0 -0.012367818381985377
0.0 6.871556650762372 0.0 0.0 0.0 0.0
-0.008829000000000002 -0.22080065354187867 5.4600983104388785 0.0 0.0 -0.0008100000000000002
0.0 4.915094490373108 0.0 0.0 0.0 -0.0171
0.0 -0.1 -0.0007290000000000002 0.0 0.0 -0.0008100000000000002
0.0 2.812949 -0.0008100000000000002 0.0 0.0 0.0
0.0 -0.1 0.0 0.11098725299999998 0.0 -0.009000000000000001
0.0 3.73602 0.0 0.09989999999999999 0.0 0.0
-0.009000000000000001 -0.271 0.0 0.0 0.0 0.0
-0.007290000000000001 4.11141 0.0 0.0 0.0 0.0
0.0 -0.19 -0.0007290000000000002 0.0 0.0 0.0
0.0 0.0 0.0 0.0 0.0 -0.0008100000000000002
0.0 -0.1 0.0 0.0 0.0 -5.904900000000003e-07
0.0 5.687448936955752 0.0 0.0 0.0 0.0
0.0 -0.19 8.445416193048313 0.0 0.0 0.0
0.0 0.0 6.700552992009182 0.0 0.0 0.0
0.0 -0.1 0.0 0.0 0.0 0.0
0.0 0.5835667292000002 0.0 0.0 0.0 0.0
0.0 0.62567 0.0 0.0 0.0 -0.0008100000000000002
0.0 3.415020563293439 0.0 0.0 0.0 -0.0008100000000000002
0.0 0.0 0.0 0.0 0.18671293800000005 0.0
0.0 3.6640579456183535 0.0 0.0 0.0 0.0
0.0 3.25291499319928 0.0 0.0 0.0 0.0
0.0 -0.1 0.306355685533547 0.0 0.0 0.0
0.0 0.0 0.0 0.0 0.6156045877662972 0.0
0.0 0.0 0.0 0.0 0.0 0.0
0.0 0.0 -0.0006561000000000002 0.0 0.0 0.0
0.0 3.7004497535831082 0.0 -0.009000000000000001 0.0 0.0
0.0 0.0 0.0 0.0 0.0 0.0
0.0 0.7739000000000001 0.0 0.0 0.0 0.0
0.0 -0.1 0.0 0.0 0.0 0.0
0.0 0.0 0.0 0.0 0.0 0.0
-0.009000000000000001 0.0 0.0 0.0 0.0 0.0
0.0 4.102410000000001 0.0 0.0 0.0 0.0
0.0 0.0 0.0 0.0 0.0 -0.0008100000000000002
0.0 0.0 0.0 0.0 0.0 0.0
0.0 0.0 0.0 0.0 0.0 0.0
0.0 0.0 0.0 0.0 0.0 0.0
0.0 0.0 0.0 0.0 0.0 0.0
0.0 0.0 0.0 0.0 0.0 0.0
0.0 -0.1 0.0 0.0 0.0 0.0
0.0 0.0 0.009720000000000005 0.0 0.0 0.0
0.0 0.0 0.0 0.0 0.0 0.0
0.0 0.0 0.0 0.0 0.0 0.0
0.9470137769366263 0.0 0.0 0.0 0.0 0.0
0.0 0.0 0.0 0.0 0.0 0.0
0.0 0.0 0.0 0.0 0.0 0.0
0.0 0.0 0.0 0.0 0.0 0.0
0.0 -0.008100000000000001 0.0 0.27244822491253784 0.0 0.0
0.0 0.0 0.0 -0.009000000000000001 0.0 0.0
0.0 -0.009000000000000001 0.0 0.0 0.0 0.034288856120160006
0.0 0.0 10.089889324251725 0.0 0.0 -0.022069098
-7.473707999999999e-05 0.0 1.2000000000000002 0.0 0.0 0.0
0.0006957270327719975 0.0 -0.19198621882 0.0 -6.561000000000002e-05 -0.02452122
0.14448412893721788 -0.009000000000000001 7.389040701765122 0.0 0.0 0.0
0.0 0.0 1.5762388681156232 0.0 0.0 0.0
0.0 0.0 1.2000000000000002 0.0 0.0 0.0
0.0 0.0 1.1999875341 0.0 0.0 0.0
0.0 0.0 7.810580569926043 0.0 0.0 0.0
0.0 0.0 3.2520000000000002 0.0 0.0 0.0
0.9754061209390134 0.0 -0.19 0.0 0.0 -0.02287768247540048
0.0 0.0 1.1989902621000001 0.0 0.0 0.0
-0.008100000000000001 -7.290000000000002e-05 20.162509902476444 0.0 0.0 0.0
0.0 0.0 28.616278948556385 0.0 0.0 0.0
-0.00013851000000000003 0.0 17.49114141786933 0.0 0.0 0.07929216000717546
-0.01121931 0.0 32.55683451793933 0.0 0.0 0.15770390414081556
0.0 0.0 9.18766151306921 0.0 0.06275880000000003 0.0
0.0 0.0 8.590285330409305 0.0 0.0 0.0
0.0 0.0 4.594813719452068 0.0 -0.009000000000000001 0.0
0.0 0.0 19.121150988251138 0.0 0.0 0.0
-0.0171 -6.561000000000002e-05 18.838990402638853 0.0 0.0 0.0
0.0 0.0 4.638488723254126 0.0 0.0 0.0
0.0 0.0 0.0 0.0 0.0 0.0
0.0 0.0 0.0 0.0 0.0 0.0
0.0 0.0 -0.1 0.0 0.0 0.0
0.0 0.0 0.0 0.06275880000000003 0.0 -0.022069098
0.0 0.0 0.0 0.0 0.0 -0.02452122
0.0 0.0 17.56428515339775 0.0 0.0 0.0
0.0 0.0 2.6911199999999997 0.0 0.0 0.0
0.0 0.0 0.0 0.0 0.0 0.0
0.0 0.0 0.0 0.0 0.0 0.0
0.0 0.0 0.0 0.0 0.0 0.0
0.0 0.0 6.468767523751579 0.0 0.0 0.0
0.0 0.0 0.0 0.0 0.0 0.0
0.0 0.0 0.0 0.0 0.0 0.0
0.0 0.0 1.265750631957912 0.0 0.0 0.0
0.0 0.0 0.0 0.0 0.0 0.0
0.0 0.0 9.629655506299713 0.0 0.0 0.0
0.0 0.0 14.471652842888385 0.0 0.0 0.0
0.0 0.047772900000000014 38.092561867882765 0.0 0.7305625773101307 0.0
0.0 0.0 5.269573263746211 0.0 0.0 0.0
0.0 0.0 0.0 0.0 0.0 0.0
0.0 0.0 0.0 0.0 0.0 0.0
0.0 0.0 14.671164340531146 0.0 0.0 0.0
0.0 0.0 0.0 0.0 0.0 0.0
0.0 0.0 -0.10919862188200001 0.0 0.0 0.0
0.0 -0.009000000000000001 3.220303698318333 -0.19 0.0 0.0
0.0 0.0 0.0 1.3971075874405205 0.0 0.0
0.0 -0.0008100000000000002 0.0 6.195887138523808 0.0 0.0
0.0 0.0 0.0 1.8790999999999998 0.0 0.0
0.0 -0.009000000000000001 0.0 1.462184345018218 0.0 0.0
0.1043858710715016 -0.009000000000000001 0.0 -0.1 0.0 0.0
0.0 0.0 0.0 4.39955079722481 0.0 0.0
0.0 0.0 0.0 0.0 2.964490992610647 0.0
0.0 0.0 0.0 0.0 0.0 -0.009000000000000001
0.0 -0.007290000000000001 0.0 2.008677884325378 0.0 0.0
0.0 -0.016290000000000002 1.81516557340699 -0.1 0.0 0.0
0.0 0.0 0.006377292000000001 -0.1 0.0 0.0
0.0 0.0 0.0 0.0 3.1396870547103037 0.09827592138
0.0 0.0 0.0 0.05995490619967077 0.0 0.0
0.0 0.0 0.0 -0.1 -0.00013851000000000005 0.0
0.0 0.4137361126586879 0.0 0.0 0.0 0.0
0.0 0.0 0.0 -0.1 -0.00013851000000000005 0.0
0.0 0.0 0.0 0.0 0.0 0.43391171888799274
0.0 0.0 0.0 0.38437099999999985 0.0 0.7304412409241747
0.0 0.0 0.0 0.0 0.0 0.0
0.0 0.0 0.0 2.2800000000000002 0.0 0.0
0.0 0.0 0.0 0.0 0.0 0.15729668195290075
0.0 0.0 0.0 3.481886611398 0.0 0.0
0.0 0.0 0.0 0.0 0.0 0.0
0.0 0.0 0.0 0.0 0.0 0.0
0.2720770806186901 0.0 0.0 0.0 0.0 0.0
0.18635244540209192 0.0 0.0 0.0 0.0 0.0
0.0 0.0 0.0 0.0 0.34620580192850225 0.0
0.0 0.0 0.62608295291643 0.0 0.0 0.0
0.0 0.0 0.0 0.0 0.0 0.0
0.0 0.0 0.8256541390537221 -0.1 0.0 0.0
0.0 0.0 0.0 0.0 0.0 0.0
0.0 0.0 0.0 0.0 0.0 0.0
0.0 0.0 0.008748000000000004 0.0 0.0 0.017836926211375004
0.0 0.0 0.0 0.0 0.0 0.0
0.0 0.0 0.0 0.0 0.0 0.0
0.0 0.0 0.0 0.0 0.0 0.0
0.0 0.0 0.0 0.0 0.0 0.0
0.0 0.0 0.0 0.9800000000000002 0.0 0.0
0.0 0.0 0.0 2.2800000000000002 0.0 0.0
0.0 0.0 0.0 0.0 0.0 0.0
0.0 0.0 0.0 -0.1 0.0 0.0
0.0 0.0 0.0 -0.1 0.0 0.0
0.0 0.0 0.0 0.0 -0.00013851000000000005 0.0
0.0 0.0 0.0 0.0 0.0 0.0
0.0 0.0 0.0 0.0 0.0 0.0
0.0 0.0 0.0 0.0 0.0 -0.009000000000000001
0.0 0.0 0.0 1.2000000000000002 0.0 0.0
0.0 -0.024390000000000005 -0.0008100000000000002 0.0 21.984285382266208 0.0
0.0 0.0 0.0 0.0 2.3061616623975505 0.0035056800000000015
0.0 0.0 0.0 0.0 -0.1 0.0
0.0 -0.015390000000000001 0.0 0.0 5.781059713919365 0.0
0.0 0.0 0.0 0.0 0.0 0.0
0.0 0.0 0.0 0.0 8.497587533059853 0.0
0.0 0.0 0.0 0.0 0.0 0.0
0.0 0.0 0.0 0.0 12.12787048668284 0.0
0.0 0.0 0.0 0.0 41.389151492378836 0.0
0.006377292000000003 0.019395848654088558 -0.0008100000000000002 0.0 50.38052065498362 -0.00019164418559999922
0.0 0.0 0.0 0.0 -0.1 0.0
0.0 0.0 0.0 0.0 0.0 0.0
0.0 0.0 0.0 0.0 42.31984766121714 0.007322748736859415
0.0 0.0 0.0 0.0 9.960807793135587 0.0
0.29268 0.0 0.0 0.0 10.844768019690296 0.0
1.1807398816911518 0.0 0.0 0.0 0.0 0.0
-0.0007290000000000002 0.0 0.0 0.0 12.645574596708894 0.0
0.0 0.0 0.0 0.0 13.170660681726417 0.0
-0.0020412000000000004 0.0 0.0 0.0 11.731656017873014 0.0
-0.0015390000000000004 0.0 0.0 0.0 13.995470478443831 0.0
-0.0003100648474429554 0.0 0.0 0.0 58.542659078758916 0.013913222600032889
0.249731543753478 0.2567598329534492 0.0 0.004778186031 52.02679423121647 0.012127204183112878
0.0 0.0 4.3083924104413995 0.0007873200000000004 -0.19 0.0
0.0 0.0 0.0 0.0 7.449865280092837 0.0
0.0 -0.0212924142 0.0 0.0 -0.1 0.0
0.0 0.0 0.0 0.0 0.0 0.0
0.0 0.0 0.0 0.0 0.0 0.0
0.0 0.0 0.0 0.0 0.0 0.0
0.0 0.0 0.0 0.0 0.0 0.0
0.0 0.0 0.0 0.0 -0.1 0.007938000000000004
0.0 -0.0008100000000000002 0.0 0.0 0.0 0.0
-0.009000000000000001 0.0 0.0 0.0 0.0 0.0
0.0 0.0 0.0 0.0 0.0 0.002621524855331443
0.0 0.0 0.0 0.0 51.40884933158529 0.2988683355699634
0.0 0.0 0.0 0.0 1.6514384830889832 0.0
0.0 0.0 0.0 0.0 0.0 0.0
-0.0007290000000000002 0.0 0.0 0.0 0.0 -0.009059049000000001
0.0 0.0 0.0 0.0 0.0 0.0
0.0002802884735712062 0.0 0.0 0.0 0.0 0.0
0.0 0.0 0.0 0.0 0.0 0.0
0.0 0.0 1.2701186763352765 0.0 0.0 0.0
0.0 0.0 0.0 0.0 1.8982489626894041 0.0
0.0 0.20520000000000005 0.0 0.0 0.0 0.0
0.0 0.0 0.0 0.0 0.0 0.0
0.0 0.0 0.0 0.0 48.96910223349572 0.007322748736859415
0.0 0.0 0.0 0.0 56.749974676791545 0.0
0.0 0.3390838496581043 0.0 -0.0008100000000000002 0.0 0.0
0.0 0.0 0.0 0.0 0.0 0.0
-0.009226799999999999 -0.015390000000000001 2.9236839909546752 -0.006832488348000001 -0.0171 -0.19081
0.0 -0.0171 0.0 0.0 0.0 -0.2716561
-0.0171 0.0 -0.0015390000000000002 0.0 -0.009000000000000001 -0.13742020424428195
0.013064492456569774 0.0 -6.561000000000002e-06 -0.009000000000000001 -0.0171 -0.10072900000000001
0.0 0.0 0.0 0.34288856120160005 0.0 -0.272458
-0.009000000000000001 0.0 3.294365943480016 0.0 -0.0171 -0.28414956349000003
0.0 0.0 2.845996534199391 0.0 0.0 -0.1
0.0 0.0 0.22366799999999998 0.0 0.0 3.033585754235663
0.0 0.0 7.135803556370278 0.0 0.29558367236049155 -0.10059049
0.0 0.0 3.280380691617049 -0.0008100000000000002 0.08136387485399349 -0.1
-0.006561000000000001 -0.006561000000000001 2.1303826951948834 -0.009000000000000001 -0.013851 -0.06530640153083123
0.0 0.0 0.0 0.0 0.0 -0.1
0.0 0.0 0.0 0.0 0.0 0.0
0.0 0.0 0.0 0.0 0.0 1.2000000000000002
0.0 0.0 0.0 0.0 0.0 0.0
0.0 0.0 0.0 0.0 0.0 0.0
0.0 0.0 0.0 0.0 0.0 -0.1
0.0 -0.009000000000000001 0.0 0.0 0.0 0.0
0.0 0.0 0.0 0.0 0.0 0.0
0.0 -0.009000000000000001 0.0 0.0 0.0 0.0
0.0 0.0 0.0 0.0 0.0 -0.19
0.0 0.0 0.0 0.0 0.0 0.0
0.0 0.0 0.34384887232541256 -0.007583439348000001 0.0 -0.1
0.0 0.0 0.0 0.0 0.0 0.0
0.0 0.0 0.0 0.0 0.0 -0.1
0.0 0.0 0.0 0.0 0.052524000113056205 -0.1
0.0 0.0 0.0 0.0 0.0 0.8981899999999998
0.0 0.0 0.0 0.0 0.0 0.0
0.0 0.0 0.0 0.0 0.0 -0.10059049
0.0 0.0 0.0 0.0 0.0 0.036979125359389985
-0.007250122331999995 0.0 0.0 0.0 0.0 0.0
0.0 0.20529149931992802 -1.1219310000000004e-05 0.0 0.0 -0.1
0.0 0.0 0.0 0.0 0.0 0.43530157741301956
0.0 0.0 0.0 0.0 0.1580158656531838 -0.10065610000000001
0.0 0.0 0.0 0.0 0.0 -0.19
0.0 0.0 0.0 0.0 0.0 0.0
0.0 0.0 0.0 0.0 0.0 0.0
0.0 0.0 0.0 0.0 0.0 0.0
0.0 0.0 0.0 0.0 0.0 0.0
0.0 0.0 0.0 0.0 0.0 -0.1
0.0 0.0 0.0 0.0 0.0 0.0
0.0 0.0 0.0 0.0 0.0 0.0
0.0 0.0 0.0 0.0 0.0 0.0
0.0 0.0 0.0 0.0 0.0 0.0
0.0 0.0 0.0 0.0 0.0 0.0
0.0 0.0 0.0 0.0 0.0 0.0
0.0 0.0 0.0 0.0 0.0 0.0
0.0 0.0 0.0 0.0 0.0 0.0
