-0.3425 -0.28133209007871884 -0.3308159569498756 -0.3338303610854651 -0.35450921337732 -0.3476919319838595
-0.33990087420555704 0.0 0.0 0.0 0.0 0.0
-1.7235941952200002 -0.007563096928038422 -0.08289554604467947 -3.280500000000001e-05 0.0 0.05747719701851404
4.016534732685191 0.0 0.0 0.0 0.0 0.0
-0.9853069246151257 -0.0076950000000000005 0.28847139184084475 0.0 0.0 -0.1392795
1.083811093209971 0.0 0.0 -0.07695 -0.13103636895 -0.001810767517620121
-0.530825 -0.130840155 -0.015755921999999995 -0.08593912241847684 -0.115531944138 -0.15029589438495
3.1134476470000005 0.0 0.0 0.0 0.0 0.0
-0.3796161517911921 -0.33314170500000007 -0.12733746141420527 -0.34213021936920895 -0.33814506532206096 -0.41962519845
6.6180910759421145 0.0 -0.0008890155000000002 0.0 -0.002767401746557791 -0.011016394384950001
-0.6716718908466801 -0.13128715670128202 0.1830267973807566 -0.03372016913587188 -0.06061911696000003 -0.154755
0.0 0.0 -0.0002984631705000002 0.0 0.0 0.0
-0.8528 0.0 0.0 -0.040533226716623766 0.0 -0.011340000000000001
6.058669994617823 0.0 0.0 0.0 0.0 0.0
0.0 0.0 -0.004414500000000001 0.0 0.0 0.0
-0.38624124477755595 0.0 0.0 0.0 0.0 -0.011340000000000001
-0.5 0.0 0.0 0.0 0.0 0.0
3.5903469994617825 0.0 -0.003973050000000001 0.0 0.0 0.0
-0.5 -0.004050000000000001 0.0 0.0 0.0 0.0
0.0 0.0 0.2635350542076368 -0.021154811608500943 0.0 0.0
-0.95 0.0 0.0 0.0 0.0 0.0013472343685452662
-0.5 0.0 0.0 0.0 0.0 -0.005855347996693303
0.0 0.0 0.0 0.0 0.29140284042976017 0.0
0.0 0.0 0.0 0.0 0.0 0.0
-1.355 0.0 0.6414374628156319 -0.040503218170500004 0.018457715345081477 0.0
0.0 0.0 0.0 0.0 0.0 0.0
-0.5 0.0 0.0 0.0 0.0 0.0
0.0 0.0 0.0 0.0 -0.007010663420250002 0.0
0.0 -0.0070778888093088015 0.0 0.0 0.0 0.0
0.0 0.0 0.0 0.0 0.0 0.0
0.0 0.0 0.0 0.0 0.0 0.0
0.0 0.0 0.0 0.0 0.0 0.0
0.0 0.0 0.0 -0.0855 -0.11981882682 0.0
0.0 0.0 0.0 0.0 0.0 0.0
0.0 0.0 0.0 0.0 0.0 0.0
0.0 0.0 0.0 0.0 0.0 0.0
0.0 0.0 0.0 0.0 0.0 0.0
0.0 0.0 0.0 0.0 0.0 0.0
0.0 0.0 0.0 0.0 0.0 0.0
0.0 0.0 0.0 0.0 0.0 0.0
0.0 0.0 0.0 0.0 0.0 0.0
1.2000000000000002 0.0 0.0 0.0 0.0 0.0
0.0 0.0 0.0 0.0 0.0 0.0
1.2000000000000002 0.0 0.0 0.0 0.0 0.0
0.0 0.0 0.0 0.0 0.0 0.0
0.0 0.0 0.0 0.0 0.0 0.0
0.0 0.0 0.0 0.0 0.0 0.0
0.0 0.0 0.0 0.0 0.0 0.0
-0.07864320899232001 -1.355 -0.042772337179807114 -0.0855 -0.0778906799841825 -0.20853449999999998
0.0 0.0 -0.045000000000000005 -0.13588299868950002 0.0 -0.12195
-0.26524695513960006 -2.026106844298577 0.1474995169988062 -0.081 -0.12302347498418251 -0.12818295000000002
0.0 1.6263637131118154 -0.045000000000000005 0.0 0.0 -0.006242502551296456
-0.27149758449888484 -0.9536535679984183 0.01671500798599221 -0.2460412647718128 -0.2240114192536905 -0.23388795
-0.030526995773523465 3.55543794520725 -0.045295245000000005 -0.13588299868950002 -0.048565501315657206 -0.12818295000000002
-0.15512347756980005 -0.5855 -0.0707344684848257 -0.00012762296819999997 -0.045000000000000005 -0.05698552357506561
0.007873200000000002 3.2336242804184603 0.0 0.0 0.0 0.0
-0.09394552329282002 -1.355 0.317913308249016 -0.0776268 -0.123279526948545 -0.13884129450000002
-0.000680678723523458 1.2570705090131282 -0.041560217672414856 -0.13588299868950002 -0.08657347498418251 -0.0013905423158581088
-0.15512347756980005 -1.72355 -0.047016649718140506 -0.13588299868950002 -0.045000000000000005 -0.13965227055
0.0 0.0 0.0 0.014531220042507304 0.0 0.0
0.0 0.0 0.0 0.048889956995555914 0.0 0.0
0.10800000000000004 0.0 0.0 -0.0855 0.0 0.0
2.3484005109422683 -0.95 -0.045000000000000005 -0.015405596550000003 0.0 0.0
0.416982576025813 0.0 0.0 0.0 0.0 0.0
0.0 0.0 -0.044995350954132 -0.010057096208149393 -0.010975500000000001 0.0
-0.0010206000000000002 1.8345978367500002 -0.045000000000000005 -0.017117329500000004 0.0 0.0
0.0 -0.95 0.0 -0.017117329500000004 0.0 -0.00024582003300050603
-0.0010206000000000002 -0.5 -0.04361995401120001 0.0 0.0 0.0
0.0 -0.5 0.0 0.2331024803103513 0.0 0.0
0.0 0.0 0.0 0.05432217443950657 0.0 0.0
0.0 -0.5 0.4777560256383001 0.0 0.0 0.0
0.0 0.0 0.0 0.0 0.0 0.0
0.0 0.0 0.0 0.0 0.0 0.0
0.0 0.0 0.0 0.0 0.0 0.0
0.0 0.0 0.0 0.0 0.0 0.0
0.0 0.0 0.0 0.0 0.0 0.0
0.0 -0.5 0.0 0.0 0.0 -0.12195
0.0 -0.4832584501398269 0.0 0.0 0.0 0.0
0.0 0.0 0.0 -0.00012762296819999997 0.0 0.0
-0.045000000000000005 0.0 -0.007695000000000002 0.0 0.0 0.0
0.0 0.0 0.0 0.0 0.0 -0.0013905423158581088
0.0 1.2000000000000002 0.0 0.0 0.0 0.0
0.0 -0.51101234775698 0.0 0.0 0.0 0.0
0.0 0.0 0.0 0.0 0.0 0.0
0.0 0.0 0.0 0.0 0.0 0.0
0.0 0.0 0.0 0.0 0.0 0.0
0.0 0.0 0.0 0.0 0.0 0.0
0.0 0.0 0.0 0.0 0.0 0.0
0.0 0.0 0.0 0.0 0.0 0.0
0.0 -0.50405 0.0 0.0 0.0 0.0
0.0 0.0 0.0 0.0 0.0 0.0
0.0 0.0 0.0 0.0 0.0 0.0
0.0 0.0 0.0 0.0 0.0 0.0
0.0 0.0 0.0 0.0 0.0 0.0
0.0 0.0 0.0 0.0 0.0 0.0
0.0 0.0 0.0 0.0 0.0 0.0
-0.058188127995000005 -0.07421160560082957 -1.077214874261387 -0.058917414874725 1.2687299556389717 -0.049390155000000005
-0.04414500000000001 0.0 2.4203503712585235 0.0 0.0 0.0
-0.13202616109171733 -0.17064038461993314 -0.5 -0.10156936568260996 -0.030767143770796 -0.12195000000000003
0.0010925406360000013 0.0 3.434049808383 0.0 -0.0006704184348000002 0.0
-0.07819417151733822 -0.12720269100864925 -1.01041745691492 -0.14972142807510594 0.9447932273653361 -0.12513201801257626
0.08503224108003603 -0.014581992973756999 7.159992168937405 -0.048040370417047486 -0.007695000000000002 0.03869847655274975
0.05251945948217133 -0.04970351355151944 2.8996723740441057 0.04285673815021619 -0.00870244155 0.036469240275873456
0.0 0.0 7.378890355451899 0.0 -0.004050000000000001 -0.045000000000000005
-0.04905000000000001 -0.045000000000000005 -1.7059484183859122 -0.04100131232825302 0.26688927945225516 -0.05798542004588658
0.0 -0.01689851355151943 3.1288586884822003 0.0 0.0 0.0
-0.04905000000000001 -0.08554600415067529 -0.06986686641144135 -0.0802902733872525 0.22814664813612717 -0.04820850115617656
0.0 0.0 0.0 0.0 0.0 -0.004385811255634799
0.0 -0.0030141562050000014 1.8525184902845415 0.06261708036957546 0.0 0.03378770343315001
0.0 0.0 2.6918676552910172 0.0 0.0 0.0
-0.013103636895000001 -0.003645000000000001 0.9871440347933746 -0.04905000000000001 5.517303409233441 -0.02249517410419792
0.0 -9.185400000000003e-05 -0.5 -0.03371615568000001 0.0 0.0
-0.023586546411000005 -0.0003504196184091481 0.8991800792476973 0.0 7.878590733388891 -0.0050545223306955
-0.04092078964333656 -0.00032089511840914807 0.3297794771398437 -0.05107050000000001 9.957736576247 0.03657122300706292
-0.0001629690765858109 2.6073105585665726 1.1102753194393435 0.0 -0.010975500000000001 -0.004655128587863356
-0.011793273205500002 0.0 0.0 0.0 2.983957202617124 0.0
0.0 -0.0030141562050000014 4.797676887449479 0.0 0.12344143960223444 0.0014145475500000008
-0.0076950000000000005 0.5253480137353728 -0.10476037881979355 0.0 0.0 -0.04218912945
0.0 0.0 3.1509149442753 0.0 -6.232950000000001e-05 0.059781281933432726
0.0 0.0 1.195403655 0.0 0.0 0.0
-0.012535155000000001 0.0 0.7494945477669306 -0.0543415183872525 0.0 0.0
0.0 0.0 0.0 0.0 0.0 0.0
0.0 0.0 0.0 0.0 0.0 0.0
0.0 0.0 0.0 -0.004268295000000001 0.0 0.0
-0.0006925500000000001 -0.045000000000000005 -0.5112618816211318 -0.004050000000000001 -0.004050000000000001 -0.010975500000000001
0.0 0.0 4.121233326656037 0.03747066807853743 0.0 0.0
0.0 -0.022143713829463153 0.0 0.0 -0.0003973050000000001 0.0
0.0 0.0 0.0 0.0 0.0 0.0
0.0 0.0 1.0446407432200613 0.04112940972749586 -0.045002391484500005 0.0
0.0 0.0 0.0 0.0 0.0 0.0
0.0 0.0 -0.5 -0.004268295000000001 -0.009035286362614447 0.0
0.0 0.0 0.0 0.0 0.0 0.0
0.0 0.0 0.0 0.0 0.0 0.0
0.0 0.0 0.0 0.0 0.0 0.0
0.0 0.0 0.0 0.0 0.0 0.0
0.0 0.0 0.0 0.0 0.0 0.0
-0.006925500000000001 -0.001357049598475294 -1.3516276398729317 0.0 0.0 -0.004655128587863356
0.0 0.0 0.0 -0.04905000000000001 0.0 0.0
0.0 0.0 0.0 0.0 -6.232950000000001e-05 0.0
0.0 0.0 0.0 0.0 0.0 0.0
0.0 0.0 0.0 0.0 3.434597308489691 0.0
0.0 0.0 0.0 0.0 0.0 0.0
0.0 0.0 0.0 0.0 0.0 0.0
0.0 0.0 0.0 0.0 0.0 0.0
-0.04500261536358719 -0.05989602555000001 1.4154874528228762 -0.95 -0.08586450000000001 -0.090088542028944
-0.010594340472420001 -0.08331610216363432 0.099547713333924 -0.23505346231667712 -0.08586450000000001 -0.0855
-0.0014180329799999996 0.0 0.3303795660146228 -1.50981109655 -0.045000000000000005 -0.08298438509061001
-4.3912241847684e-05 0.0 0.8379605644722039 -0.19019255000000002 0.0 -0.0855
-0.04011729392450562 -0.00826686 0.47564294422653247 -0.1744607883147838 -0.04742550000000001 0.09858144915206124
0.0 0.0 0.9616201731977496 0.0 0.0 -0.07695
-0.013927950000000001 -0.010206 0.9418595713154023 -2.0491210756467333 -0.011025986895000003 0.08428923115159163
-2.9059595413200005e-06 0.0 -0.00447331621963675 -0.5 0.0 -0.0076950000000000005
-0.010783694413800001 -0.052695000000000006 1.9345998356888523 -0.41556419237748776 -0.08129538942594115 -0.004297946074812
0.0 0.0 0.0 2.591306573585353 0.0 -0.0879255
-0.0018768105000000006 0.0 0.6642986047332093 -2.125510110146733 -5.609655000000002e-05 -0.07695
-0.045000000000000005 0.0 0.0 0.0 0.0 0.0
0.0 0.0 -0.0003645000000000001 -0.95 0.0 -0.00027313337000056225
0.4626162582300001 0.0 0.0 -0.545 0.0 0.0
0.0 0.0 1.186963743911679 0.0 0.0 0.0
0.0 0.0 0.0 0.3593200000000001 0.0 0.0
0.4840964460000001 0.0 -0.004050000000000001 -0.545 0.0 -0.045000000000000005
0.0 0.5544508249893106 0.0 -0.545 0.0 0.0
0.0 0.0 1.6377136013016533 0.0 0.0 0.0
0.0 0.0 0.0 0.0 0.0 0.0
0.0 0.0 1.9672848534107605 -0.545 0.0 0.0
0.0 0.0 0.0 0.0 0.0 0.0
0.0 0.354727998 0.0 -1.76 0.0 -0.0326210421438
0.0 0.0 0.0 -0.5 0.0 0.0
0.0 0.0 0.0 0.0 0.0 0.0
0.0 0.0 0.0 0.0 -0.0036071325000000005 0.0
0.0 0.0 0.0 -0.5012535155000001 0.0 0.0
0.0 0.0 0.0 0.0 0.0 0.0
0.0 0.0 0.0 0.0 0.0 0.0
0.0 0.0 0.0 0.0 0.0 0.0
0.0 0.0 0.0 0.0 0.0 0.0
0.0 0.0 0.0 0.0 0.0 0.0
0.0 0.0 0.29046756547135527 -0.50099233882055 -0.08586450000000001 0.0
0.0 0.0 0.0 0.0 0.0 0.0
0.0 0.0 0.0 0.0 0.0 0.0
0.0 0.0 0.0 0.0 -0.045000000000000005 0.0
0.0 0.0 0.0 0.0 0.0 0.0
0.0 0.0 0.0 0.0 0.0 0.0
0.0 0.0 0.0 0.0 0.0 0.0
0.0 0.0 0.0 0.0 0.0 0.0
0.0 0.0 0.0 0.0 0.0 0.0
0.0 0.0 0.0 1.2000000000000002 0.0 0.0
0.0 0.0 0.0 0.0 0.0 0.0
0.0 0.0 0.0 0.0 0.0 0.0
0.0 0.0 0.0 0.0 0.0 0.0
0.0 0.0 0.0 0.0 0.0 0.0
0.0 0.0 0.0 0.0 0.0 0.0
0.0 0.0 0.0 0.0 0.0 0.0
-0.03416545366120729 -0.07999148122921342 0.5577907666150851 -0.038896200000000006 -1.331320298 -0.187488845955
-0.03416545366120729 0.0 0.0 -0.04905000000000001 -0.5 -0.0855
-0.013662267632001106 -0.12131227080000001 0.443988987794177 -0.01598651651411643 -0.9609755 -0.187488845955
-0.0855 -0.12195 -0.045000000000000005 -0.043218000000000006 -0.5 -0.00544054231585811
-0.39716153399887555 -0.39116012949105894 -0.3545496093154496 -0.35911464827573897 -0.50002657205 -0.4793693606632884
-0.017529235472336722 -0.12195 0.02110848617198209 0.0 6.395992987088404 0.0
-0.03416545366120729 -0.0006232950000000002 -0.040079250000000004 -0.04905000000000001 -0.9591142830363105 -0.11011950000000001
0.0 0.0 -0.0003645000000000001 0.0 3.2520000000000002 0.0
-0.1819140765813367 -0.22346683310629206 -0.19627050995736706 -0.1674450701965685 -1.3462735233604999 -0.22798884595500002
-0.04050000000000001 -0.012726747633904786 1.2855781358352012 0.10525770408934652 0.24235957621966797 -0.0128599245
0.0 0.0 -0.0012472448242499988 0.0 -0.028685646794614772 0.0
0.0 0.0 0.0 0.0 0.0 0.0
0.0 0.0 1.02221801573253 0.0 -0.7476928302596353 -0.07789626022500001
0.0 0.0 0.0 0.0 8.501054650896934 0.0
1.187842481410926 0.0 -0.004218912945000001 0.0 -0.5 -0.04401853476120001
0.0 0.031650300000000006 0.0 0.0 0.0 0.0
0.0 -8.567998418249992e-06 -0.04050000000000001 -0.04050000000000001 0.584082179311924 -0.11323099516052754
0.0 0.0 -0.0006925500000000001 0.0 11.287570507484075 0.0008493141687235437
0.0 -0.012229469882055003 0.0 0.0 -0.9540500000000001 -0.214559358055695
0.0 0.0 0.0 0.0675 0.0 0.0
0.12116854800000001 -1.6279196994674985e-05 0.0 0.0 4.136983105744835 -0.000611603298
-0.000856538514577102 -0.006311206326346906 0.0 0.0 5.644509190572402 -0.049990949650451436
0.0 0.0 0.3470197583190075 0.0 -0.12943336159039986 0.0
0.0 0.0 0.0 0.0 0.75 0.0
0.0 0.0 0.0 0.0 0.0 0.0
0.0 0.0 0.0 0.0 0.0 0.0
0.0 0.0 0.0 0.0 0.0 0.0
0.0 0.0 0.0 0.0 0.0 0.0
-0.04994176558631035 -0.12195 -0.1571803576547321 -0.043985703857475134 -0.5201120149795663 -0.187488845955
-0.03416545366120729 0.0 -0.004050000000000001 -0.004742550000000002 -0.20821395924810626 -0.00544054231585811
-3.280500000000001e-05 0.0 0.0 0.0 0.0 0.0
0.0 0.0 0.0 0.0 0.0 0.0
0.0 0.0 0.0 0.0 3.6686422719134066 0.0
-0.03416545366120729 -0.006787333106292074 0.0 0.0 6.868726862016725 -0.00544054231585811
0.0 0.0 0.0 0.0 0.0 0.0
0.0 0.0 0.0 0.0 0.0 0.0
0.0 0.0 0.0 0.0 0.0 0.0
0.0 0.0 0.0 0.0 0.0 0.0
0.0 0.0 0.0 0.0 0.0 0.0
0.0 0.0 0.0 0.0 0.0 0.0
-0.00024906615719020117 -0.0001251488084272298 0.0 0.0 0.0 0.0
0.0 0.0 -0.0037970216505000005 0.0 0.0 -0.000611603298
0.0 0.0 0.0 0.0 1.2000000000000002 0.0
0.0 0.0 0.0 0.0 1.2000000000000002 0.0
0.0 0.0 0.0 0.0 0.0 -0.000611603298
0.0 0.0 0.3961673826989508 0.0 0.0 0.0
0.0 0.0 0.0 0.0 -0.5 0.0
0.0 0.0 0.0 0.0 0.0 0.0
-0.02011963908466801 -0.12240438205500001 0.4070615321086108 0.0 0.0 -1.7195
0.0 -0.11398649847463264 0.8438624508252505 -0.06505942218548114 0.0 0.0
-0.015450470176201207 -0.0693611394588495 0.3902991432619393 -0.16245 -0.0855 -1.355
-0.0027313337000056223 0.0 -0.043728843934800005 -0.00016891294500000006 0.0 -0.95
-0.02875934451407893 -0.12195 0.843605951153745 -0.12195 -0.03576226488058862 -0.5
0.0 0.0 1.035544776083253 -0.01585216349774452 0.0 -0.52085345
-0.004050000000000001 -0.0855 0.7475211654955212 -0.12195 -0.04775495638679999 -0.95
-0.0030348152222284693 0.0 0.1175015605849703 0.0 0.0 -0.5
-0.06045047017620121 -0.15876449999999998 0.44641034714533845 -0.15840454382055 -0.024750000000000015 -2.0832093995
-0.006795592199999999 -0.008046695519999994 0.9408380442658522 -8.001139500000002e-05 -0.011112945538355729 -2.3839928672855
0.0 -0.20853449999999998 0.44745132965859885 0.0 0.0 -2.0202906368119997
-0.05744023838080956 -0.0855 -0.045000000000000005 0.0 0.0 -0.5
0.0 0.0 0.0 0.0 0.0 -0.5
0.0 0.0 0.0 0.0 0.0 0.0
0.0 0.0 0.0 0.0 0.0 -0.5
0.0 0.0 0.0 0.0 0.0 0.0
0.0 0.0 0.0 0.0 0.0 -0.5
0.0 0.0 0.0 0.0 0.0 -0.5
0.0 0.0 0.0 0.0 0.0 0.0
0.0 0.0 0.0 0.0 0.0 0.0
0.0 0.0 0.0 0.0 0.0 -0.5
0.0 0.0 0.0 0.0 0.0 0.96835
0.0 0.0 0.0 0.0 0.0 0.0
0.0 0.0 0.0 0.0 0.0 -0.507695
0.0 0.0 0.0 0.0 0.0 -0.5
0.0 0.0 0.0 0.0 0.0 0.0
0.0 -0.0855 0.0 0.0 0.0 0.39817384268692013
0.0 -0.00010613945884950002 0.0 0.0 0.0 0.0
0.0 -0.00010613945884950002 0.0 -5.048689500000003e-06 0.0 0.0
0.0 0.0 0.0 0.0 0.0 -0.4846299827
0.0 0.0 0.0 0.0 0.0 0.0
0.0 0.0 0.0 0.0 0.0 0.0
0.0 0.0 0.0 0.0 0.0 0.0
-0.06045047017620121 0.0 0.0 0.0 0.0 -0.5
-0.006061911696000004 0.0 0.0 0.0 0.0 0.0
0.0 0.0 0.0 0.0 0.0 0.0
0.0 0.0 0.0 0.0 0.0 0.0
0.0 0.0 0.0 0.0 0.0 0.0
0.0 0.0 0.0 0.0 0.0 0.0
0.0 0.0 0.0 0.0 0.0 0.0
0.0 0.0 0.0 0.0 0.0 0.0
0.0 0.0 0.0 0.0 0.0 0.0
0.0 0.0 0.0 0.0 0.0 0.0
0.0 0.0 0.0 0.0 0.0 0.0
0.0 0.0 0.0 0.0 0.0 0.0
0.0 0.0 0.0 0.0 0.0 0.0
0.0 0.0 0.0 0.0 0.0 0.0
0.0 0.0 0.0 0.0 0.0 0.0
