54.93861575632049 0.4068308038253364 0.024561972864526497 0.09103910894196945 0.011657442130485963 0.0
55.91926462859106 0.0 0.0 0.0 0.0 0.0
0.0 0.0 0.0 0.1036638 3.460177959553702 0.0
0.0 0.0 1.4141895785519756 0.0 0.0 0.0
11.339900027757047 0.00037970216505000013 0.0 0.1401138 0.0 0.0
8.286375600843986 0.0 0.0011349217800000002 0.0 0.0 0.0
6.166415224331242 0.0010289928672855002 0.009720000000000005 0.3469791780000001 0.040293668283214505 0.0
8.288056349713273 0.0 0.0 0.005340009549420002 0.0 0.0
13.174830684852662 0.0 0.25227777866418005 0.0 0.0 0.0
14.215215134457454 0.0 0.0 0.005340009549420002 0.0 0.0
11.662353854016573 0.0 0.0 0.0 0.0020434500071798587 0.0
4.970126389636375 0.00987795 0.0 0.33232790581200006 0.0 0.0
50.13017353943499 0.0 0.032058098436888 0.694281898568665 0.0 0.017683980345000006
56.11280547851661 0.0 0.0 0.0 0.0 0.0
0.0 0.0 0.0 0.0 0.0 0.0
0.0 0.0 0.0 0.0 0.0 0.0
1.9247239344816152 0.0 0.0 0.0 0.0 0.0
0.0 0.0 0.0 0.0 0.0 0.0
0.0 0.0 1.0663879995623966 0.0 0.0 0.0
0.0 0.0 0.0 0.0 0.0 0.0
2.408518195841537 0.20520000000000005 0.0 0.0 0.0 0.0
0.0 0.0 0.0 0.0 0.008890155 0.0
0.0 0.0 0.0 0.0 0.0 0.15301224990153148
0.0 0.0 0.0 0.0 0.0 0.0
48.563218064202005 0.0003417319485450001 0.0011349217800000002 0.0 0.0 0.0
27.96979168943352 0.0 0.0 0.0 0.0 0.0
0.0 0.0 0.045000000000000005 0.0 0.0 0.0
0.0 0.0 0.0 0.0 0.0 0.0
1.2000000000000002 0.0 0.0 0.0 0.0 0.0
0.0 0.0 0.0 0.0 0.0 0.0
0.0 0.0 0.0 0.0 0.0 0.0
0.0 0.0 0.0 0.0 0.0 0.0
0.0 0.0 0.0 0.0 0.008001139500000002 0.0
0.0 0.0 0.0 0.0 0.0 0.0
2.625911536366285 0.0 0.12028500000000002 0.0 0.0 0.0
0.0 0.0 0.0 0.0 0.0 0.0
0.0 0.39392128444518487 0.0 0.0 0.0 0.0
0.0 0.0 0.0 0.0 0.0 0.0
0.0 0.0 0.0 0.0 0.0 0.0
0.0 0.0 0.0 0.0 0.0 0.0
0.0 0.0 0.0 0.0 0.0 0.0
0.0 0.0 0.0 0.0 0.0 0.0
0.0 0.0 0.0 0.0 0.0 0.0
0.0 0.0 0.0 0.0 0.0 0.0
0.5 0.0 0.0 0.0 0.0 0.0
0.0 0.10800000000000004 0.0 0.0 0.0 0.0
0.0 0.0 0.0 0.0 0.0 0.0
0.0 0.0 0.0 0.0 0.0 0.0
0.003797021650500001 10.548492829903628 0.0 0.0 0.0 0.0987795
0.0 6.276024002702176 0.0 0.0 0.0 0.0
0.0 16.815882194912064 0.3439720889582718 0.5783647270142042 0.0 0.0
0.0 10.473499009631219 0.0 0.0 0.0 0.0
0.0 7.148982841326518 0.0 0.0 0.0 0.0
0.0 0.0 0.0 0.0 0.0 0.0
0.07817252540283279 0.0 0.0 0.0 4.693473824515108 0.0
0.0 0.0 0.006925500000000001 0.0 0.045000000000000005 0.0
0.0 6.789231864686922 0.0 0.0 0.0 0.0
0.0 5.611096370864392 0.0 0.0 0.08550000000000002 0.0
0.0 9.628942745657424 0.0 0.0 0.0 0.0
0.0 0.0 0.0 0.0 0.0 0.0
0.0 1.0922 0.0 0.0 0.0 0.0
0.0 0.0 0.0 0.0 0.0 0.0
0.0 7.491208422001215 0.0 0.0 0.0 0.0
0.0 0.0 0.0 0.0 0.0 0.0
0.0 0.0 0.0 0.0 0.026878285282575992 0.0
0.0 0.0 0.0 0.0 0.0 0.0
0.0 0.0 0.0 0.5217224927736 0.0 0.0
0.0 0.0 0.0 0.0 0.0 0.0
0.0 1.7195 0.0 0.0 0.0 0.0
0.0 0.0 0.0 0.7505842828966225 0.0 0.0
0.0 0.0 0.0 0.0 0.0 0.0
0.0 0.0 0.0 0.0 0.0 0.0
0.0 0.0 0.0 0.0 0.0 0.0
0.0 0.0 0.0 0.0 0.0 0.0
0.0 9.91109763439295 0.0 0.0 0.0 0.0
0.0 0.0 0.0 0.0 0.0 0.0
0.0 0.0 0.0 0.0 0.0 0.0
0.0 0.0 0.0 0.0 0.0 0.0
0.0 1.355 0.0 0.0 0.0 0.0
0.0 0.0 0.0 0.0 0.0 0.0
0.0 0.0 0.0 0.0 0.0 0.0
0.0 0.5 0.0 0.0 0.0 0.0
0.0 0.0 0.0 0.0 0.0 0.0
0.0 0.0 0.0 0.0 0.0 0.0
0.0 0.0 0.0 0.0 0.0 0.0
0.0 0.0 0.0 0.0 0.0 0.0
0.0 0.0 0.0 0.0 0.0 0.0
0.0 0.0 0.0 0.0 0.0 0.0
0.0 0.0 0.0 0.0 0.0 0.0
0.0 0.0 0.0 0.0 0.0 0.0
0.0 0.0 0.0 0.0 0.0 0.0
0.0 0.0 0.0 0.0 0.0 0.0
0.0 0.0 0.0 0.0 0.0 0.0
0.0 0.0 0.0 0.0 0.0 0.0
0.0 0.0 0.0 0.0 0.0 0.0
0.0 0.0 0.0 0.0 0.0 0.0
0.012610242000000002 0.0 11.633131858222358 0.109755 0.006925500000000002 0.042433610962812465
0.0 0.0 9.999497441982518 0.0 0.0 0.0
0.0 0.0 5.912871428107165 0.0 0.07695 0.0
0.0 0.263575166385083 0.0 0.0 0.0 0.0
0.011349217800000002 0.1640655 13.250505906339654 0.0 0.0 0.0
0.0 0.0 0.0 3.4356804245277592 0.0849881597796337 0.0
0.0 0.0 0.5 0.0 0.0 0.0
0.5837946011384773 0.0 0.0 0.0 0.0 0.0
1.723714621256502 0.0 0.0 0.0 0.0 0.0
0.0 0.0 9.476406618136204 0.03280500000000001 0.0 0.00010665064276200003
0.0 0.0 6.9548674707281535 0.045000000000000005 0.00017511670323573506 0.0
0.0 0.0 0.0 0.0 0.0 0.0
0.0 0.0 0.0 0.0 3.4134566804350923 0.0076950000000000005
0.0 0.0 0.5084988159779634 0.0 0.0 0.0
0.0 0.0 3.3873311202314023 0.0 0.0 0.0
0.0 0.0 0.0 0.0 0.0 0.0
0.19176065224379998 0.0 8.358354846720024 0.0 0.0 0.0
0.0 0.0 14.992170557237245 0.0 0.5459711136822425 0.0
0.0 0.0 0.0 0.0 4.54297428270645 0.014620500000000002
0.0 0.0 0.0 0.0 0.0 0.0
0.320953899204 0.0 4.607544229393769 0.045000000000000005 0.0 0.0
0.0 0.0 0.0 0.0 0.0 0.39449273800519896
0.0 0.0 3.0171200000000002 0.0 0.0 0.0
0.0 0.0 0.0 0.0 0.0 0.0
0.0 0.0 0.0 0.0 0.0 0.0
0.0 0.0 0.0 0.0 0.0 0.0
0.9067882244958639 0.0 0.0 0.0 0.0 0.0
0.0 0.0 0.0 0.0 0.0 0.0
0.0 0.0 0.0 0.0 0.0 0.0
0.0 0.0 0.0 0.0 0.0 0.0
0.0 0.0 0.0 0.0 0.0 0.0
0.0 0.0 0.0 0.0 0.0 0.0003645000000000001
0.0 0.0 0.6080000000000001 0.0 0.0 0.0
0.0 0.0 0.0 0.0 0.0 0.0
0.0 0.0 0.0 0.0 0.0 0.0
0.0 0.0 0.0 0.0 0.0 0.0
0.0 0.0 0.0 0.0 0.0 0.0
0.0 0.0 0.0 0.0 0.0 0.0
0.0 0.0 0.0 0.0 0.0 0.0
0.0 0.0 0.0 0.0 0.0 0.0
0.00010214296020000004 0.0 3.07070771447569 0.0 0.0 0.0
0.0 0.0 0.0 0.0 0.0 0.0
0.0 0.0 0.0 0.0 0.0 0.0
0.0 0.0 0.0 0.0 0.0 0.0
0.0 0.0 0.0 0.0 0.0 0.0
0.0 0.0 0.0 0.0 0.0 0.0
0.0 0.0 0.0 0.0 0.010355764038767978 0.0
0.0 0.0 0.0 0.0 0.0 0.0
0.05933343943800003 0.0 0.0 15.790481397793416 0.14688845536905004 0.00020302340577699605
0.0 0.0 0.0 11.104476061075141 0.0 0.0
0.0 0.0 0.0 13.630076592305324 0.0 0.00010151170288849803
0.0 0.0 0.0 8.495640625226404 0.0 0.0
0.0 0.0019432762610715006 0.0 12.104254727051691 0.0 0.0
0.0 0.0 0.0 6.961198940574782 0.0 0.0
0.19573993685143748 0.27262259598499217 0.0 25.5526804925837 0.0 0.00034909874623354474
0.0008748000000000004 0.0 0.033669351552825 25.7316392202849 0.5999366244894575 0.0
0.0 0.0 0.0 0.0 0.0 0.5182574610025235
0.0 0.0 0.0 0.0 0.0 0.16610373450449412
0.4329267247937497 0.0 0.05701934250000001 9.23734419885261 0.0 0.004016316150000001
0.0 0.0 0.0 4.46402540697424 0.0 0.0
0.0 0.0 0.0 5.455583934705379 0.0 0.0
0.0 0.0 0.0 3.8611576314481884 0.0 0.0
0.0 0.0 0.0 5.255172823449875 0.0 0.0
0.0 0.0 0.0 0.0 0.0 0.0
0.0 0.0 0.0 10.262686325127177 0.0 0.0
0.0 0.0 0.0 1.1931161734842803 0.0 0.0
0.0 0.0 0.0 23.420049204240627 0.0 0.26451317450749756
0.0 0.0 0.0 17.456097105737683 0.0 0.0
0.0 0.0 0.0 8.394212656889495 0.0 0.0
0.0 0.0 0.0 0.0 0.0 0.0
0.0 0.0 0.0 5.796935571488278 0.0 0.0
0.0 0.0 0.0 0.0 0.0 0.0
0.0 0.0 0.0 0.0 0.0 0.0
0.0 0.0 0.0 0.0 0.0 0.0
0.0 0.0 0.0 0.0 0.0 0.0
0.0 0.0 0.0 0.0 0.0 0.0
0.0 0.0 0.0 6.757213341369104 0.0 0.0
0.0 0.0 0.0 0.0 0.0 0.0
0.0 0.0 0.0 17.16049696494831 0.0 0.00010151170288849803
0.0 0.0 0.0 0.0 0.0 0.0
0.0 0.0 0.0 0.0 0.0 0.0
9.260935805569502e-05 0.0 0.0 0.0 0.0 0.0
0.0 0.0 0.0 0.0 0.025682478360042744 0.0
0.0 0.0 0.0 0.0 0.0 0.0
0.0 0.0 0.0 0.0 0.0 0.0
0.0 0.0 0.0 1.2000000000000002 0.0 0.0
0.0 0.0 0.0 0.0 0.0 0.0
0.0 0.0 0.0 0.0 0.0 0.0
0.0 0.0 0.0 0.0 0.0 0.0
0.0 0.0 0.0 0.0 0.0 0.0
0.0 0.0 0.0 0.0 0.0 0.0
0.0 0.0 0.0 0.0 0.0 0.0
0.0 0.0 0.0 0.0 0.0 0.0
0.0 0.0 0.0 0.0 0.0 0.0
0.0 0.0 0.0 0.0 0.0 0.0
0.0 0.0 0.0 0.0 0.0 0.0
0.020434500071798586 0.0 0.0 0.0 17.72739501837241 0.08890155000000001
0.0 0.0 0.0 0.0 0.0 1.820512922061367
0.0 0.0 0.0 0.0 12.150443691192962 0.0
0.29148785290553614 0.0 0.0 0.0 0.0 0.0
0.0 0.0 0.0 0.0 4.4200834408040475 0.045000000000000005
0.10355764038767976 0.0 0.0 0.0 12.336785845225796 0.0
0.0 0.0 0.0 0.0 15.52064219833863 0.2853608706671416
0.0 0.0 0.0 0.0 7.825014422771792 0.0
0.01138468591525171 0.4523737202148479 0.0 0.0 32.15797312651079 0.3922114166093311
0.0 0.0 0.2049910891476492 0.0 33.05401176547048 0.0
0.0 0.0 0.0 0.0 7.645385754720802 0.0
0.0 0.0 0.0 0.0 2.552 0.0
0.0 0.4032380798909392 0.10800000000000004 0.0 15.067958212765788 0.0
0.0 0.0 0.0 0.0 0.0 0.0
0.0 0.0 0.0 0.0 11.415645677665635 0.10800000000000004
0.0 0.0 0.0 0.0 0.0 0.0
0.0 0.0 0.302400665111874 0.0 0.0 0.0
0.0008890155000000001 0.0 0.0 0.0 16.173572106397682 0.0
0.0 0.0 0.0 0.0 5.382229581201891 0.10800000000000004
0.0 0.0 0.0 0.0 0.0 0.0
0.0 0.017572950000000004 0.0 0.0 32.51029344124725 0.08748000000000003
0.15822702682698425 0.004050000000000001 0.0 0.0 33.77220864421347 0.0
0.0 0.0 0.0 0.0 4.107248238423695 0.0
0.0 0.0 0.0 0.0 0.0 0.0
0.0 0.0 0.0 0.0 0.0 0.0
0.0 0.0 0.0 0.0 0.0 0.0
0.0 0.0 0.0 0.0 0.5435790462899257 0.0
0.0 0.0 0.0 0.0 0.0 0.0
0.0 0.0 0.0 0.0 0.0 0.0
0.0 0.0 0.0 0.0 0.0 0.0
0.0 0.0 0.0 0.0 0.0 0.0
0.0 0.0 0.0 0.0 0.0 0.0
0.0 0.7764228096055212 0.0 0.0 0.5407136348193363 0.0
0.0 0.0 0.0 0.0 0.0 0.0
0.2612635141303223 0.0 0.0 0.0 0.0 0.0
0.0 0.0 0.0 0.0 0.0 0.0
0.0 0.0 0.0 0.0 0.0 0.0
0.0 0.0 0.0 0.0 0.0 0.0
0.0 0.0 0.0 0.0 1.2142404324144287 0.0
0.0 0.0 0.0 0.0 0.0 0.0
0.0 0.0 0.0 0.0 0.5 0.0
0.0 0.0 0.0 0.0 0.0 0.0
0.0 0.0 0.0 0.0 0.0 0.0
0.0 0.0 0.0 0.0 0.0 0.0
0.0 0.0 9.598557848580004e-06 0.0 0.0 0.0
0.0 0.0 0.0 0.0 0.0 0.0
0.0 0.0 0.0 0.0 0.0 0.0
0.0 0.0 0.0 0.0 0.0 0.0
0.0 0.0 0.004050000000000001 1.3225651327507033 0.0 0.0
0.19648867050000005 0.0 0.0 0.0 0.0 8.1574910287747
0.0 0.0 0.0 0.0 0.0 6.676516992165759
0.0 0.0 0.0 0.0 0.0 3.8656310153047704
0.0 0.0 0.9746114587239528 0.0010665064276200002 0.0 0.0
0.0 0.0 0.0 0.0 0.07695 5.869997470144088
0.012028500000000001 0.0 0.0 0.0011279078098722002 0.0 7.159161567161935
0.0 0.0 0.0 0.0 0.0 5.629690305265891
0.0 0.0 0.0 0.045000000000000005 0.0 11.2094590747943
0.0 0.0 0.0 0.0002056873500000001 0.0 5.374774702008753
0.007102708965000002 0.023914845000000004 0.0 0.03265350217090086 0.0 21.383151537403368
0.0 0.0 0.0 0.0002640376035000001 0.0 15.101149759070612
0.0 0.0 0.0 0.045000000000000005 0.0 0.0
0.0 0.0 0.0 0.0 0.0 0.0
0.0 0.0 0.0 0.0 0.0 2.272491063538718
0.0 0.0 0.0 0.0 0.0 0.0
0.0 0.0 0.0 0.0 0.0 0.0
0.0 0.0 0.0 0.0 0.0 0.0
0.5126322637024212 0.0 0.0 0.0 0.0 0.0
0.0 0.0 0.0 0.0 0.0 0.0
0.0 0.0 0.0 0.0 0.0 2.5281257047015253
0.0 0.0 0.0 0.0 0.0 0.0
0.0 0.0 0.0 0.0 0.0 11.346739723374016
0.02990951152308001 0.0 0.0 0.0 0.0 0.0
0.0 0.0 0.0 0.0 0.0 0.0
0.0 0.0 0.0 0.0 0.0 0.0
0.10800000000000004 0.0 0.0 0.0 0.0 0.0
0.0 0.0 0.0 0.0 0.0 0.5
0.0 0.0 0.0 0.0 0.0 0.0
0.0 0.0 0.0 0.0 0.0 0.0
0.0 0.0 0.0 0.0 0.0 0.0
0.0 0.0 0.0 0.0 0.0 0.0
0.0 0.0 0.0 0.0 0.0 0.0
0.0 0.0 0.0 0.0 0.0 0.0
0.0 0.0 0.0 0.0 0.0 9.672357756684903
0.0 0.0 0.0 0.0 0.0 0.0
0.0 0.0 0.0 0.0 0.0 0.5
0.0 0.0 0.0 0.0 0.0 0.0
0.0 0.0 0.0 0.0 0.0 0.0
0.0 0.0 0.0 0.0 0.0 0.0
0.0 0.0 0.0 0.0 0.0 0.0
0.0 0.0 0.0 0.0 0.0 0.0
0.0 0.0 0.0 0.0 0.0 0.0
0.0 0.0 0.0 0.0 0.0 0.0
0.0 0.0 0.0 0.0 0.0 0.0
0.0 0.0 0.0 0.0 0.0 0.0
0.0 0.0 0.0 0.0 0.0 0.0
0.0 0.0 0.0 0.0 0.0 0.0
