38.11508272024231 0.6470872689237696 0.0 0.5472269775349698 0.0 -3.880499772507012e-05
46.718408776570485 0.0007873200000000004 0.10238659200000001 0.6669040893787995 0.0 -3.880499772507012e-05
-0.5 0.0 0.0 0.0 0.0 0.0
5.631619156659754 0.0 0.0 0.0 0.0 0.0
-0.5 2.151901196003392 0.0 0.0 0.0 0.0
5.5843311749228945 0.0 0.0 0.1283110964353025 0.0 0.0
0.0 2.502847825239068 0.0 0.0 0.0 0.0
11.067922566133932 0.10800000000000004 0.0 0.0 0.0 -0.043218000000000006
2.070673858056742 0.0 0.0 0.0 0.0 0.0
1.1347484877837695 0.0 0.0 0.0 0.05220000000000002 0.001980000000000002
-0.5 1.1276258367827678 0.0 0.0 0.0 0.0
4.6599504063905925 0.0 0.0 0.0 0.0 0.0
47.7964634502386 0.5592928192470736 0.3084329774212813 0.0 0.1418275410500605 0.0
45.54015050584191 0.22397818642462974 0.20236287648610266 0.0011691702000000011 0.11881592736287228 0.480142397373005
5.639853475763482 0.0 0.0 0.0 0.0 0.0
15.100149569564778 0.223030769362865 0.0 0.0 -0.0022692981125771996 0.0
9.390943556028056 0.009720000000000005 0.0 0.0 0.0 0.0
8.199771628657464 0.0 0.0 0.0 -0.031579072846919985 0.0
5.596525342253644 0.0 0.0 0.0 -0.0028016026081199995 0.0
17.12843234795146 0.0 0.0 0.0 0.0 0.0
5.877579159512328 0.008748000000000004 0.0 0.0 0.0 0.0
4.383958257805062 0.07462080000000003 0.07873200000000002 0.0 0.0 0.0
2.135980174086725 0.0 0.0 0.0 -0.0031128917867999997 0.0
9.167633115657706 0.008748000000000004 0.0 0.0 0.0 -0.0855
0.0 0.0 0.0 0.0 0.0 0.0
0.0 0.0 0.0 0.0 0.0 0.0
0.0 0.0 0.0 0.0 0.0 0.0
0.0 0.0 0.0 0.0 0.0 0.0
0.0 0.0 0.0 0.0 0.0 0.0
0.0 0.0 0.0 0.0 0.0 0.0
0.0 0.0 0.0 0.0 0.0 0.0
0.0 0.0 0.0 0.0 0.0 0.0
0.0 0.0 0.0 0.0 0.0 0.0
0.0 0.0 0.0 0.0 0.0 0.0
0.0 0.0 0.0 0.0 0.0 0.0
0.0 0.0 0.0 0.0 0.0 0.0
0.0 0.0 0.0 0.0 0.0 0.0
0.0 0.0 0.0 0.0 0.0 0.0
0.0 0.0 0.0 0.0 0.0 0.0
0.0 0.0 0.0 0.0 0.0 0.0
0.0 0.0 0.0 0.0 0.0 0.0
0.0 0.0 0.0 0.0 0.0 0.0
0.0 0.0 0.0 0.0 0.0 0.0
0.0 0.0 0.0 0.0 0.0 0.0
0.0 0.0 0.0 0.0 0.0 0.0
0.0 0.0 0.0 0.0 0.0 0.0
0.0 0.0 0.0 0.0 0.0 0.0
0.0 0.0 0.0 0.0 0.0 0.0
0.0 4.208525989505872 0.0 0.0 0.0 0.0
0.45711625033137254 0.0 0.0 0.0 0.0 0.0
0.0 15.717445528597842 0.0 0.0 0.0 -0.04050000000000001
0.19111890424734324 19.695049715056324 0.0 0.0 0.0 -0.04050000000000001
0.0 0.0 0.0 0.0 0.0 0.0
0.0 6.744990523467857 0.0 0.0 0.0 0.0
0.0 5.916510618299035 0.0 0.0 0.0 0.0
0.0 0.0 0.0 0.0 0.193561616345175 0.0
0.0 0.0 0.0 0.0 0.0 0.0
0.0 -0.5 0.0 0.0 0.0 0.0
0.0 0.0 0.0 0.0 0.0 0.0
0.0 0.0 0.0 0.0 0.0 0.0
0.0 17.888362635955765 0.0 0.0 0.009720000000000005 0.09720000000000004
4.427356165924728 0.02200000000000002 0.0 0.0 0.0 0.0
0.020072769242657853 19.562279247164245 0.0 0.0 0.017161824579727987 0.011881428763046254
0.033891544377720004 28.741852955464548 0.0 0.2299566645187798 0.12686576760792936 0.0
0.0 4.060788032135174 0.0 0.0 0.0 0.0
0.0 11.07829847881901 0.0 0.0 0.0 0.0
0.0 12.450277584015511 0.0 0.0008748000000000004 0.1480987340055013 0.0
0.0 15.788426744553727 0.0 0.0 0.05551869397747555 0.0
0.0 0.0 0.0 0.0 0.0 0.0
0.0 13.369306352285026 0.0 0.021649987800000003 0.0 0.0
0.0 0.0 0.0 0.0 0.008748000000000004 1.1095015372819443
0.0 0.0 6.2652473148617505 0.0 0.0 0.0
0.0 0.0 0.0 0.0 0.0 0.0
0.0 0.0 0.0 0.0 0.0 0.0
0.0 0.0 0.0 0.0 0.0 0.0
0.0 0.0 0.0 0.0 0.0 0.0
0.0 0.0 0.0 0.0 0.0 0.0
0.0 0.0 0.0 0.0 0.0 0.0
0.0 0.0 0.0 0.0 0.0 0.0
0.0 0.0 0.0 0.0 0.0 0.0
0.0 0.0 0.0 0.0 0.0 0.0
0.0 0.0 0.0 0.0 0.0 0.0
0.0 0.0 0.0 0.0 0.0 0.0
0.0 0.0 0.0 0.0 0.0 0.0
0.0 0.0 0.0 0.0 0.0 0.0
0.0 0.0 0.0 0.0 0.0 0.0
0.0 0.0 0.0 0.0 0.0 0.0
0.0 0.0 0.0 0.0 0.0 0.0
0.0 0.0 0.0 0.0 0.0 0.0
0.0 0.0 0.0 0.0 0.0 0.0
0.0 0.0 0.0 0.0 0.0 0.0
0.0 0.0 0.0 0.0 0.0 0.0
0.0 0.0 0.0 0.0 0.0 0.0
0.0 0.0 0.0 0.0 0.0 0.0
0.0 0.0 0.0 0.0 0.0 0.0
0.0 0.0 0.0 0.0 0.0 0.0
0.0 0.0 1.4044800000000002 0.0 0.0 0.0
0.0 0.0 1.2000000000000002 0.0 0.0 0.0
0.0 0.0 0.0 0.0 0.0 0.0
0.0 0.0 0.0 0.0 0.0 0.0
0.0 0.0 2.2800000000000002 0.0 0.0 0.0
0.0 0.0 -0.5 9.438339823779728 0.0 0.0015626989800000008
0.0 0.0 0.0 0.0 0.0 0.0
0.0 0.0 -0.392 -0.004050000000000001 0.0 0.0
0.0 0.0 0.0 1.22277980792186 0.0 0.0
0.0 0.0 0.0 0.0 0.0 0.023683962693420258
0.3184549402935199 0.0 -0.5 0.0 0.0 0.0
2.3415927331406747 0.0 0.0 0.0 0.0 0.0
0.0 0.0 0.0 0.0 0.0 1.0863815171704099
0.0 0.0 20.497813524769086 0.0 0.0 0.3841165443711827
0.0 0.0 1.2000000000000002 0.0 0.0 0.0
0.0 0.0 18.722003429542816 0.0 0.0 0.0
0.0 0.0 0.0 0.0 0.0 0.0
-0.023180188230617217 0.25438582938966287 37.346611216344286 0.028964418566672923 0.012129032918576609 0.9637409944960347
0.0 0.0 0.0 1.5692014075256042 0.0 0.0
0.20520000000000005 0.0 25.16194677239065 0.0 0.0 0.0
0.0 0.0 14.012265988346496 0.0 0.0 0.018468000000000005
0.0 0.05015520000000002 19.478709793662667 0.0 0.0 0.010597381988228616
0.0 0.0 29.57881524900982 0.046980000000000015 0.0 0.11467079783705851
0.0 0.0 32.177494340145536 0.0 0.0 0.10800000000000004
0.0 0.0 0.0 0.0 0.0 0.0
0.0 0.0 0.0 0.0 0.0 0.0
0.0 0.0 0.0 0.0 0.0 0.0
0.0 0.0 0.0 0.0 0.0 0.0
0.0 0.0 0.0 0.0 0.0 0.0
0.0 0.0 0.0 0.0 0.0 0.0
0.0 0.0 0.0 0.0 0.0 0.0
0.0 0.0 0.0 0.0 0.0 0.0
0.0 0.0 0.0 0.0 0.0 0.0
0.0 0.0 0.0 0.0 0.0 0.0
0.0 0.0 0.0 0.0 0.0 0.0
0.0 0.0 0.0 0.0 0.0 0.0
0.0 0.0 0.0 0.0 0.0 0.0
0.0 0.0 0.0 0.0 0.0 0.0
0.0 0.0 0.0 0.0 0.0 0.0
0.0 0.0 0.0 0.0 0.0 0.0
0.0 0.0 0.0 0.0 0.0 0.0
0.0 0.0 0.0 0.0 0.0 0.0
0.0 0.0 0.0 0.0 0.0 0.0
0.0 0.0 0.0 0.0 0.0 0.0
0.0 0.0 0.0 0.0 0.0 0.0
0.0 0.0 0.0 0.0 0.0 0.0
0.0 0.0 0.0 0.0 0.0 0.0
0.0 0.0 0.0 0.0 0.0 0.0
0.0 0.9960842920733174 0.0 -0.5 0.0 0.0
0.0 0.7212398754561558 0.0 5.543140368900048 0.0 0.0
0.0 0.0 0.0 0.0 0.0 0.0
0.0 0.0 0.0 3.2519376705000003 0.0 0.0
0.9288238097797707 0.0 0.0 0.0 0.0 0.0
0.0 0.0 0.0 -0.5 0.0 0.0
0.0 7.085880000000003e-05 0.0 25.33859338015141 0.0 0.0005088710812680002
0.0 0.2259787635395183 0.04535791323331026 27.611863304167198 0.0 0.0
0.0 0.0 0.0 0.0 0.0 0.0
0.0 0.0 0.0 -0.5 0.0 0.0
0.0 0.0 0.0 0.0 0.0 0.0
0.0 0.0 0.0 1.552 0.0 0.0
4.246212312059271 0.0 0.0 0.0 0.0 -0.0006925500000000001
0.0 0.0 0.0 7.808220782337543 0.0 0.0
0.0 0.0 0.0 11.871859671786483 0.0 0.0
0.008748000000000004 0.0 0.0 6.873591289169564 0.0 0.0
0.0 0.0 -0.0003645000000000001 26.635256562520883 -0.04050000000000001 0.0
0.0 0.0 0.0 18.547532805811954 0.0 0.0
1.1718575882615474 0.0 -0.0006925500000000001 32.56689493985284 0.0 0.0005088710812680002
0.14616365777373938 0.001935817161245544 -0.00017433922005000003 32.099857406407025 0.0 0.0
0.008748000000000004 0.0 0.018468000000000005 6.157361516605075 0.0 0.0
0.0 0.0 0.0 4.395684284063684 0.0 0.0
0.21436200000000005 0.31714911720000005 0.0 14.46790452917811 -0.04050000000000001 0.0
0.0 0.0 0.0 3.2334338424311526 0.0 0.0
0.0 0.0 0.0 0.0 0.0 0.0
0.0 0.0 0.0 0.0 0.0 0.0
0.0 0.0 0.0 0.0 0.0 0.0
0.0 0.0 0.0 0.0 0.0 0.0
0.0 0.0 0.0 0.0 0.0 0.0
0.0 0.0 0.0 0.0 0.0 0.0
0.0 0.0 0.0 0.0 0.0 0.0
0.0 0.0 0.0 0.0 0.0 0.0
0.0 0.0 0.0 0.0 0.0 0.0
0.0 0.0 0.0 0.0 0.0 0.0
0.0 0.0 0.0 0.0 0.0 0.0
0.0 0.0 0.0 0.0 0.0 0.0
0.0 0.0 0.0 0.0 0.0 0.0
0.0 0.0 0.0 0.0 0.0 0.0
0.0 0.0 0.0 0.0 0.0 0.0
0.0 0.0 0.0 0.0 0.0 0.0
0.0 0.0 0.0 0.0 0.0 0.0
0.0 0.0 0.0 0.0 0.0 0.0
0.0 0.0 0.0 0.0 0.0 0.0
0.0 0.0 0.0 0.0 0.0 0.0
0.0 0.0 0.0 0.0 0.0 0.0
0.0 0.0 0.0 0.0 0.0 0.0
0.0 0.0 0.0 0.0 0.0 0.0
0.0 0.0 0.0 0.0 0.0 0.0
0.0 0.0 0.0 0.0 3.77202 0.0
0.0 0.0 0.0 0.0 1.1243218098392502 0.0
0.0 0.0 0.0 0.0024494400000000006 0.0 0.0
0.0 0.0 0.0 0.09720000000000004 0.0 0.0
0.0 0.0 0.0 0.0 1.2000000000000002 0.0
0.0 0.0 0.0 0.14046732 0.0 0.0
0.0 0.0 0.0 0.0 3.0908671562363397 0.0
0.0 0.0 0.0 0.23371200000000003 -0.5 0.0
0.0 0.0 0.0 0.0 5.482735200142501 0.0
0.001980000000000002 0.0 4.246327294537927 0.0016621200000000007 -0.95 0.0
0.0 0.0 0.0 0.0 2.6525601750000005 0.0
0.0 0.0 0.0 0.0 0.0 0.0
0.0 -0.038551501098 0.0 -0.045000000000000005 3.79875 0.0
-0.025214423473079995 5.539162108369724 0.004513968000000002 0.0 -0.9498218 0.0
0.0 0.0 0.0007873200000000004 0.0 3.3978546128964595 0.0
0.0 1.0903545491752589 0.004513968000000002 0.0 0.1299999999999999 0.08748000000000003
0.0 0.0 0.0 0.0 0.0 0.0
0.0 0.0 0.0 0.0 3.481612440527706 0.20540623750743636
0.0 0.0 0.0 0.0 3.769802372035686 0.0
0.0 0.0 5.461375793910598 0.0 -0.5 0.0
0.0 0.0 0.0 0.0 6.21306469206561 0.0
0.0 0.0 0.0 0.0 1.988847047022145 0.0
-0.05027234263699082 0.0 0.0 0.0 -0.5 0.0
0.0 0.0 8.900766781179083 0.0 0.0 0.0
0.0 0.0 0.0 0.0 0.0 0.0
0.0 0.0 0.0 0.0 0.0 0.0
0.0 0.0 0.0 0.0 0.0 0.0
0.0 0.0 0.0 0.0 0.0 0.0
0.0 0.0 0.0 0.0 0.0 0.0
0.0 0.0 0.0 0.0 0.0 0.0
0.0 0.0 0.0 0.0 0.0 0.0
0.0 0.0 0.0 0.0 0.0 0.0
0.0 0.0 0.0 0.0 0.0 0.0
0.0 0.0 0.0 0.0 0.0 0.0
0.0 0.0 0.0 0.0 0.0 0.0
0.0 0.0 0.0 0.0 0.0 0.0
0.0 0.0 0.0 0.0 0.0 0.0
0.0 0.0 0.0 0.0 0.0 0.0
0.0 0.0 0.0 0.0 0.0 0.0
0.0 0.0 0.0 0.0 0.0 0.0
0.0 0.0 0.0 0.0 0.0 0.0
0.0 0.0 0.0 0.0 0.0 0.0
0.0 0.0 0.0 0.0 0.0 0.0
0.0 0.0 0.0 0.0 0.0 0.0
0.0 0.0 0.0 0.0 0.0 0.0
0.0 0.0 0.0 0.0 0.0 0.0
0.0 0.0 0.0 0.0 0.0 0.0
0.0 0.0 0.0 0.0 0.0 0.0
-0.000280160260812 0.0 6.555857811686687 0.0 0.0 -0.48020000000000007
0.0 0.0 9.071470338844133 0.0 0.0 -0.5
0.0 0.0 -0.034771683047239585 0.0 0.0 -0.5
0.0 0.07293694759389964 0.0 0.0 0.0 2.864665866805399
0.0 0.0 0.0 1.558689382328735 0.0 -0.5
0.0 0.007873200000000002 0.02054868875809569 -0.003280500000000001 0.0 5.191318528532157
0.04248000000000003 0.0 0.0 0.0 0.005654123125200001 -1.355
0.0 0.0 0.0 0.0 -0.039345876874800005 5.512979654529644
0.0 0.0 0.011364796614178248 0.0 0.0 -0.786397061085317
-0.000280160260812 0.0 0.0 0.5752202341618047 0.0 0.0
0.0 0.0 3.0992570687823178 0.0 0.0 -0.8048206436987149
0.0 0.007085880000000004 0.0 1.5736242898641788 0.0 -0.3210883007248022
0.0 0.0 0.1538920779732 0.0 0.0005015520000000003 0.0
0.0 0.0 7.738717325970931 0.0 0.0 -0.95
0.3009446011533365 0.0 0.0 0.0 0.0 -0.5
0.0 0.0 0.0 0.0 0.0 3.4490239922414694
0.23683962693420257 0.0 0.0 0.0 0.0 -0.4992126800000001
0.0 0.0 5.02017343849315 0.20520000000000005 0.3980286092897869 1.2276732
0.0 0.05081447824870803 0.0 0.0 0.0 0.0
-0.0076950000000000005 0.0 0.0 0.0 0.0 2.163425820121546
0.0 0.0 0.0 0.0 0.0 0.0
0.0 0.0 0.009720000000000005 0.0 0.0 3.254062375074364
0.0 0.0 0.0 0.0 0.00014165309888111856 -1.355
0.0 0.04573303042383722 0.0 0.0 0.0 -0.94536878693
0.0 0.0 0.0 0.0 0.0 0.0
0.0 0.0 0.0 0.0 0.0 0.0
0.0 0.0 0.0 0.0 0.0 0.0
0.0 0.0 0.0 0.0 0.0 0.0
0.0 0.0 0.0 0.0 0.0 0.0
0.0 0.0 0.0 0.0 0.0 0.0
0.0 0.0 0.0 0.0 0.0 0.0
0.0 0.0 0.0 0.0 0.0 0.0
0.0 0.0 0.0 0.0 0.0 0.0
0.0 0.0 0.0 0.0 0.0 0.0
0.0 0.0 0.0 0.0 0.0 0.0
0.0 0.0 0.0 0.0 0.0 0.0
0.0 0.0 0.0 0.0 0.0 0.0
0.0 0.0 0.0 0.0 0.0 0.0
0.0 0.0 0.0 0.0 0.0 0.0
0.0 0.0 0.0 0.0 0.0 0.0
0.0 0.0 0.0 0.0 0.0 0.0
0.0 0.0 0.0 0.0 0.0 0.0
0.0 0.0 0.0 0.0 0.0 0.0
0.0 0.0 0.0 0.0 0.0 0.0
0.0 0.0 0.0 0.0 0.0 0.0
0.0 0.0 0.0 0.0 0.0 0.0
0.0 0.0 0.0 0.0 0.0 0.0
0.0 0.0 0.0 0.0 0.0 0.0
