0.0 0.0 0.0 0.0 0.0 0.0
0.0 0.0 0.0 0.0 0.0 0.0
0.0 0.0 0.0 0.0 0.0 0.0
0.0 0.0 0.0 0.0 0.0 0.0
0.0 0.0 0.0 0.0 0.0 0.0
0.0 0.0 0.0 0.0 0.0 0.0
0.0 0.0 0.0 0.0 0.0 0.0
0.0 0.0 0.0 0.0 0.0 0.0
0.0 0.0 0.0 0.0 0.0 0.0
0.0 0.0 0.0 0.0 0.0 0.0
0.0 0.0 0.0 0.0 0.0 0.0
0.0 0.0 0.0 0.0 0.0 0.0
0.0 0.0 0.0 0.0 0.0 0.0
0.0 0.0 0.0 0.0 0.0 0.0
0.0 0.0 0.0 0.0 0.0 0.0
0.0 0.0 0.0 0.0 0.0 0.0
0.0 0.0 0.0 0.0 0.0 0.0
0.0 0.0 0.0 0.0 0.0 0.0
0.0 0.0 0.0 0.0 0.0 0.0
0.0 0.0 0.0 0.0 0.0 0.0
0.0 0.0 0.0 0.0 0.0 0.0
0.0 0.0 0.0 0.0 0.0 0.0
0.0 0.0 0.0 0.0 0.0 0.0
0.0 0.0 0.0 0.0 0.0 0.0
-1.6342455661612065 -1.3758853293207751 -1.2721229166874763 -1.3735378635495907 -1.3769829472304616 -1.4460885161293886
-0.6859521694352779 0.0 0.0 0.0 0.0 0.0
-2.2638113589305715 -1.268437338457642 -1.2515302686310306 -1.253944640052343 -1.2785021936574688 -1.284409923597892
-0.6859521694352779 -0.28171590101881316 -0.2908993288722854 -0.29504316152223015 -0.4592634322783018 -0.44861242937749973
-2.1850116974328406 -0.9703262128171082 -0.916143104453703 -0.932810288614029 -0.9278814024427193 -1.040792436544893
-0.5039560353270625 -0.32015614144614746 -0.243213224824603 -0.30470182835940485 -0.3051306316444629 -0.24443583388289464
-3.0887640501855778 -0.8769285406917783 -0.865742863950675 -0.8623036368946438 -1.0031748743158364 -0.9841865591135627
-1.4022431153395778 -0.1787831900068782 -0.19921045329400536 -0.1992051338996868 -0.06815123692019551 -0.2345578838828946
-2.463941062554423 -0.8207445663692592 -0.8023459741094774 -0.8459253559197158 -0.9431640720071244 -0.9369098844762284
-1.1227221885445797 -0.920708615266159 -0.9234352241530279 -0.9198913208693309 -0.8868633941600444 -0.890116839139184
-1.83982273474243 -1.1760709518468633 -1.1777466588319316 -1.1855001981141386 -1.2499586051847746 -1.1538399682820946
-0.5593569524917501 -0.15477652336050002 -0.14328691647178113 -0.059814246064103044 -0.2413135858950466 -0.04385992500000003
-0.5 0.0 0.0 0.0 0.0 -0.0043571215338693995
0.0 0.0 0.0 0.0 0.0 0.0
0.0 0.0 0.3952117156766867 0.0 0.0 0.0
0.0 0.0 0.0 -0.022357485644403537 0.0 0.0
-0.5 0.0 -0.0010148214320550002 0.0 1.5813108783241125 0.0
0.0 0.0 0.0 0.0 0.0 0.0
-0.5 0.0 0.0 0.0 0.6616442655976535 -0.0003412461487437768
1.2000000000000002 0.0 0.0 0.0 0.0 0.0
0.0 0.0 0.0 0.0 0.0 0.06896511258439057
-0.5 -1.5735995600795831e-06 -0.0010148214320550002 0.0 0.3400068393920407 -0.028234887415609464
-0.5 -1.5735995600795831e-06 -0.0010148214320550002 -0.022357485644403537 0.40745933045283667 -0.028234887415609464
0.0 0.0 0.0 0.0 0.0 0.0
0.0 0.0 0.0 0.0 0.0 0.0
0.0 0.0 0.0 0.0 0.0 0.0
0.0 0.0 0.0 0.0 0.0 0.0
0.0 0.0 0.0 0.0 0.0 0.0
0.0 0.0 0.0 0.0 0.0 0.0
0.0 0.0 0.0 0.0 0.0 0.0
0.0 0.0 0.0 0.0 0.0 0.0
0.0 0.0 0.0 0.0 0.0 0.0
0.0 0.0 0.0 0.0 0.0 0.0
0.0 0.0 0.0 0.0 0.0 0.0
0.0 0.0 0.0 0.0 0.0 0.0
0.0 0.0 0.0 0.0 0.0 0.0
0.0 0.0 0.0 0.0 0.0 0.0
0.0 0.0 0.0 0.0 0.0 0.0
0.0 0.0 0.0 0.0 0.0 0.0
0.0 0.0 0.0 0.0 0.0 0.0
0.0 0.0 0.0 0.0 0.0 0.0
0.0 0.0 0.0 0.0 0.0 0.0
0.0 0.0 0.0 0.0 0.0 0.0
0.0 0.0 0.0 0.0 0.0 0.0
0.0 0.0 0.0 0.0 0.0 0.0
0.0 0.0 0.0 0.0 0.0 0.0
0.0 0.0 0.0 0.0 0.0 0.0
0.0 0.0 0.0 0.0 0.0 0.0
-1.3866917927144393 -1.71973914845 -1.438055859931498 -1.3794580340710432 -1.3095731452745114 -1.3591099166380112
-0.04053402500229587 0.45076000000000005 -1.748443955643981e-05 -0.13428479756168243 0.0 0.0
-1.4083300728453774 -1.3955000000000002 -1.4704279713661899 -1.4063480954743777 -1.3858585763829225 -1.314927646044827
-0.38711174237712775 -0.6785696484500001 -0.37507944572157526 -0.3661975164876981 -0.21992342011555002 -0.3693525996474964
-1.4425038597399604 -1.84616083445 -1.4175049446305819 -1.4469980328879781 -1.4359861961457512 -1.453272991832227
-1.1834894376679874 -1.3431559954853625 -1.2716489702841975 -1.211000834340327 -1.1825749224035307 -1.2473542110089004
-1.4128430396996947 -2.0697025092546597 -1.3864663637158547 -1.3820560834191375 -1.3322166494209025 -1.3475824494672692
-0.202052683662557 -0.511217305655 -0.22892316249280772 -0.20376487053179623 -0.3464649470254497 -0.2420503998862078
-1.348101469053405 -1.6101510642265846 -1.370361481605907 -1.3412448580484722 -1.2780240093214341 -1.3256841684055216
-1.1409658846215487 -1.5427270038929635 -1.179522991155075 -1.1121256112881412 -1.1491458043069653 -1.1370577634814496
-1.5857192131502458 -1.7195 -1.7076445573787733 -1.636213140581351 -1.6468393495949532 -1.644037465850605
-0.06493830345847733 -0.5 -0.2289954130739374 -0.22318157310215953 -0.1875908547101932 -0.1373150967966045
-0.11333091911351528 -0.4916361571170239 -0.15584711439508717 -0.14119141606496535 -0.1646118901561904 -0.15187950000000003
-0.02179498463832552 0.0 0.0 0.0 0.0 0.0
-0.17454793348955572 -0.4558595000000001 -0.18132705000000002 -0.16432871867112367 -0.19610531625945393 -0.17804655000000003
-0.06173569524917502 -0.5610712683605 -0.06286462003196941 -0.05023354851030344 -0.04621977197430133 -0.0710666677684674
0.0 -0.95 -0.045000000000000005 0.0 0.058781146962139 0.0
0.0 4.440521049213824 0.0 0.0 0.0 0.0
-0.06173569524917502 -0.95 -0.045000000000000005 -0.004050000000000001 0.14386780174170746 -0.045000000000000005
0.0 0.0 0.0 0.0 0.0 0.0
-0.06501755051121741 -0.95 -0.10157815802877247 -0.12173578930106915 -0.07358866416545953 -0.08550000000000002
-0.06173569524917502 -0.5 -0.045000000000000005 -0.06407146805319429 -0.057845319506630535 -0.045720102555
-0.11756354147343254 -0.5 -0.08684828937665083 -0.07135521987845554 -0.09868052879656204 -0.08577680959084888
0.0 0.0 -0.045000000000000005 0.0 0.0 0.0
0.0 0.0 0.0 0.0 0.0 0.0
0.0 0.0 0.0 0.0 0.0 0.0
0.0 0.0 0.0 0.0 0.0 0.0
0.0 0.0 0.0 0.0 0.0 0.0
0.0 0.0 0.0 0.0 0.0 0.0
0.0 0.0 0.0 0.0 0.0 0.0
0.0 0.0 0.0 0.0 0.0 0.0
0.0 0.0 0.0 0.0 0.0 0.0
0.0 0.0 0.0 0.0 0.0 0.0
0.0 0.0 0.0 0.0 0.0 0.0
0.0 0.0 0.0 0.0 0.0 0.0
0.0 0.0 0.0 0.0 0.0 0.0
0.0 0.0 0.0 0.0 0.0 0.0
0.0 0.0 0.0 0.0 0.0 0.0
0.0 0.0 0.0 0.0 0.0 0.0
0.0 0.0 0.0 0.0 0.0 0.0
0.0 0.0 0.0 0.0 0.0 0.0
0.0 0.0 0.0 0.0 0.0 0.0
0.0 0.0 0.0 0.0 0.0 0.0
0.0 0.0 0.0 0.0 0.0 0.0
0.0 0.0 0.0 0.0 0.0 0.0
0.0 0.0 0.0 0.0 0.0 0.0
0.0 0.0 0.0 0.0 0.0 0.0
0.0 0.0 0.0 0.0 0.0 0.0
-1.2053286379654005 -1.1659207322242942 -1.5920768496864568 -1.1867444755643006 -1.1106207939255395 -1.2252874800100313
-0.1695318008304316 -0.195794317845 -0.2115839375307339 -0.15497363633783534 -0.1923263514493007 -0.2078726225383988
-1.0969052276402111 -1.0205939685984446 -2.6793596206668044 -1.0186522047269682 -0.9580072059326864 -1.0156288680990557
-0.4100870002610158 -0.4080240085376294 -0.5 -0.4334614482420421 -0.3949180468906711 -0.4063684006713921
-0.46449257080836825 -0.4476250566379705 -1.365987938776222 -0.4181522966927446 -0.3956593673068048 -0.416533430584343
-0.2371510527689557 -0.12167955683587214 -0.511631714241477 -0.15497363633783534 -0.1310487105780095 -0.21136058616308834
-1.0211639274920583 -0.9955182222854149 -2.898571607329036 -1.0020804479522916 -0.9892535713609116 -1.0511616008084743
-0.5076407466797035 -0.47270589983140504 -0.8133644582675206 -0.5455538927334229 -0.49635242615827296 -0.571400897023779
-1.1981809699281296 -1.1932851909976858 -1.2114489866150984 -1.2036686654509272 -1.0199579903790488 -1.2058292524673553
-0.8964541238702026 -0.9203113834558605 -1.091718387213995 -0.885571930665496 -0.8420800915948361 -0.9146700746786909
-0.9776838780028261 -0.9635991727065037 -2.3914836826940533 -0.987243404244009 -0.9430315703719201 -0.9710830632195845
-0.00964712623080003 -0.0027742500000000007 2.7990281789755502 -0.018426362686472433 -0.00015794999999999882 -0.04414955794202683
-0.08617648204092768 -0.13859205097552837 -0.5 -0.11158883871751016 2.847033321799304 -0.0855
0.0 0.0 4.1260758080065045 0.0 0.0 0.0
0.0 0.75800482902625 -0.8702864188535597 0.0 -0.00019427155062710897 0.0
0.0 0.0 0.0 0.0 0.0 0.0
-0.045356043179435625 -0.0036745245000000004 -0.5 -0.003710768045207098 -0.037044987727249255 -0.0855
-0.0009877950000000003 1.604712432377105 0.0 -0.0110378295 0.0 0.0
-0.046245058679435624 0.13491701898327113 -0.5460468542817329 -0.004535178092007527 -0.037044987727249255 -0.0855
0.0 0.0 3.8486533591782366 0.0 0.0 0.0
-0.2125198223611318 -0.22935746219427328 -0.7071907722379606 -0.2014948439736934 3.0588413404486503 -0.231705
-0.004050000000000001 0.6391561779284078 -0.06548902313529259 -0.02384311821751013 -0.01999811511175735 -0.0855
0.0 1.6256429795397924 -0.5 -0.003645000000000001 0.0 0.0
0.0 0.0 0.0 0.0 0.0 -0.014932088651413683
0.0 0.0 0.0 0.0 0.0 0.0
0.0 0.0 0.0 0.0 0.0 0.0
0.0 0.0 0.0 0.0 0.0 0.0
0.0 0.0 0.0 0.0 0.0 0.0
0.0 0.0 0.0 0.0 0.0 0.0
0.0 0.0 0.0 0.0 0.0 0.0
0.0 0.0 0.0 0.0 0.0 0.0
0.0 0.0 0.0 0.0 0.0 0.0
0.0 0.0 0.0 0.0 0.0 0.0
0.0 0.0 0.0 0.0 0.0 0.0
0.0 0.0 0.0 0.0 0.0 0.0
0.0 0.0 0.0 0.0 0.0 0.0
0.0 0.0 0.0 0.0 0.0 0.0
0.0 0.0 0.0 0.0 0.0 0.0
0.0 0.0 0.0 0.0 0.0 0.0
0.0 0.0 0.0 0.0 0.0 0.0
0.0 0.0 0.0 0.0 0.0 0.0
0.0 0.0 0.0 0.0 0.0 0.0
0.0 0.0 0.0 0.0 0.0 0.0
0.0 0.0 0.0 0.0 0.0 0.0
0.0 0.0 0.0 0.0 0.0 0.0
0.0 0.0 0.0 0.0 0.0 0.0
0.0 0.0 0.0 0.0 0.0 0.0
0.0 0.0 0.0 0.0 0.0 0.0
-1.4850606687690857 -1.463775353399919 -1.4615838809855275 -1.7633903766631862 -1.4702631853963686 -1.4579905016566592
-0.07618612884207898 -0.0855 -0.24841650716003927 -0.5012545175719673 0.0 -0.017208614754000002
-1.597991152515775 -1.5596816697691138 -1.5484852532722564 -1.928348049635661 -1.6010592627487408 -1.4455600361357301
-0.6887511852098034 -0.611983519336752 -0.6923306584689386 -0.7119052005910477 -0.578621110650699 -0.5210105973517538
-1.4752937942803073 -1.417223878556739 -1.4775857610842937 -1.7219292926426149 -1.4983111077177753 -1.4081948231689951
-0.3142815344311471 -0.34879062990752413 -0.41008533494812194 -0.6510123872369015 -0.34469296704411423 -0.30026399362741274
-0.6887511852098034 -0.6176363506309112 -0.6616818479004936 -0.9500008224315195 -0.627623603550746 -0.5410887074197459
-0.06476146070075871 -0.1862732258329194 -0.049144216885355974 -0.5000008224315196 -0.26623869623448077 -0.1731304602765493
-1.3613480189712082 -1.2842962172196304 -1.3639213808255457 -2.0715938564811704 -1.3222408461168682 -1.2955019854212173
-1.1131552253270736 -0.9879746018479352 -1.0223485848391514 -1.0671131705611787 -0.809629711457167 -0.9983689424507953
-1.6333509815139393 -1.571804585690446 -1.635989873279128 -1.8210573272816437 -1.6237319590480443 -1.5207940510953057
-0.04157890283073873 -0.030790359073173984 -0.26087144465961326 -0.28876796121448833 -0.2554924226676058 -0.04490917188679408
-0.1312349986945622 -0.08724912540288557 -0.10576556923005681 -0.5 -0.12252145293045003 -0.08788167945000001
-0.021110209549460517 0.0 0.0 0.0 0.0 0.0
-0.08914500000000002 -0.1249516213492545 -0.12117630790276451 -0.5 -0.1142352877164386 -0.12433167945000001
0.0 0.0 -0.034472877759045 -0.3783472545507798 -0.04511281639500001 -0.007578779544197219
-0.12620188038056201 -0.045857427031242494 -0.048788791371448245 -0.5 -0.013406213156655229 -0.0006962753713937015
0.0 0.0 0.0 0.0 0.0 0.0
0.0 -0.044861382508950005 0.0 0.0 -0.0069255 0.0
0.0 0.0 0.0 -0.5 -0.0032287094974611194 0.0
-0.021110209549460517 -0.0020568277696820384 -0.07320280124407685 -0.5012689951517709 -0.04511281639500001 -0.04625351550000001
-0.08914500000000002 -0.015887409231525648 0.0 0.0 -0.01812278479118813 0.0
-0.12620188038056201 -0.04815594750166384 0.4121983975276948 -0.5 -0.04540806139500001 -0.04976551997956629
0.0 -0.018184741529630132 0.0 0.0 -0.003992751516747702 0.0
0.0 0.0 0.0 0.0 0.0 0.0
0.0 0.0 0.0 0.0 0.0 0.0
0.0 0.0 0.0 0.0 0.0 0.0
0.0 0.0 0.0 0.0 0.0 0.0
0.0 0.0 0.0 0.0 0.0 0.0
0.0 0.0 0.0 0.0 0.0 0.0
0.0 0.0 0.0 0.0 0.0 0.0
0.0 0.0 0.0 0.0 0.0 0.0
0.0 0.0 0.0 0.0 0.0 0.0
0.0 0.0 0.0 0.0 0.0 0.0
0.0 0.0 0.0 0.0 0.0 0.0
0.0 0.0 0.0 0.0 0.0 0.0
0.0 0.0 0.0 0.0 0.0 0.0
0.0 0.0 0.0 0.0 0.0 0.0
0.0 0.0 0.0 0.0 0.0 0.0
0.0 0.0 0.0 0.0 0.0 0.0
0.0 0.0 0.0 0.0 0.0 0.0
0.0 0.0 0.0 0.0 0.0 0.0
0.0 0.0 0.0 0.0 0.0 0.0
0.0 0.0 0.0 0.0 0.0 0.0
0.0 0.0 0.0 0.0 0.0 0.0
0.0 0.0 0.0 0.0 0.0 0.0
0.0 0.0 0.0 0.0 0.0 0.0
0.0 0.0 0.0 0.0 0.0 0.0
-0.8449592565283465 -0.8659655413124778 -0.8311264884278134 -0.8917415800375488 -2.6812620655005177 -0.9003235516154728
0.0 0.0 0.0 0.0 3.347721174777009 0.0
-1.0956526023817135 -1.0505635971369793 -0.9667189584134415 -1.0630628634554973 -2.0843428301132576 -1.1174328582635267
-0.7626143982712196 -0.6913137797514579 -0.5812609228189197 -0.6427257722958948 -0.8078705012246113 -0.7076721331887412
-1.1372057995868086 -1.1121222224976097 -0.9841654933078056 -1.0833650522228977 -1.3536722842001052 -1.1415232335576042
-0.4225383279527132 -0.4125817162667797 -0.45380233469228776 -0.48549459362259856 2.9516051245212527 -0.5794295922752699
-0.9229210402392781 -0.9181270668532293 -0.9025493956641715 -0.939273035833029 -2.610421856045713 -0.9854768142799013
-0.4242863716968064 -0.37168401258211803 -0.3278136951210789 -0.36767129499518664 -0.5012535155000001 -0.46870155626945376
-1.0253896170497947 -0.9180637422316058 -0.9288891307234345 -0.9452306248334629 -2.520801441681744 -1.012573368546452
-0.2233528106833268 -0.18712972041713055 -0.1793655187010881 -0.22704623569059879 -0.2629062890139694 -0.2791629198914829
-1.0487132405329582 -1.0515233982175631 -0.9524802112105845 -1.0575221311659677 -1.8980657800420366 -1.0952278369074828
0.0 0.0 -0.003366716887371564 0.0 4.053483590133884 -0.12195
-0.19299058496944788 -0.15580502621140302 -0.18009436658878614 -0.1642577774952624 -0.5 -0.17384707683971823
0.0 0.0 0.0 -0.06771932996856046 1.2000000000000002 -0.013413453739534804
-0.35967987487439995 -0.438983084379747 -0.3963353383169216 -0.3823640327790728 -1.355 -0.35013105
-0.14242449649625308 -0.10008766310307714 -0.14417817072969097 -0.12479022527635897 -0.12591183927301094 -0.09124786426277004
-0.4919587832603803 -0.7915374452506414 -0.7653086507602379 -0.7683213980020739 -0.8171722615621906 -0.766046573837297
0.0 0.0 0.0 0.0 8.194043285808846 0.0
-0.14533338409355825 -0.19793426611351544 -0.2676513203746067 -0.25882282838187814 -0.63394027970155 -0.231705
0.0 0.0 0.0 -0.03587454997179021 2.3280145463404 -0.0855
-0.5248410983502113 -0.5803476606177914 -0.5273915991979701 -0.5556107663470133 -0.80825 -0.5232356287533054
0.0 0.0 0.0 0.0 19.90730609654828 0.0
-0.40964311934882325 -0.40438642880972736 -0.36787737626595013 -0.416365864757144 -0.5 -0.3955692555
0.0 0.0 -0.017472324087996784 0.0 7.429885894343772 -0.0855
0.0 0.0 0.0 0.0 0.0 0.0
0.0 0.0 0.0 0.0 0.0 0.0
0.0 0.0 0.0 0.0 0.0 0.0
0.0 0.0 0.0 0.0 0.0 0.0
0.0 0.0 0.0 0.0 0.0 0.0
0.0 0.0 0.0 0.0 0.0 0.0
0.0 0.0 0.0 0.0 0.0 0.0
0.0 0.0 0.0 0.0 0.0 0.0
0.0 0.0 0.0 0.0 0.0 0.0
0.0 0.0 0.0 0.0 0.0 0.0
0.0 0.0 0.0 0.0 0.0 0.0
0.0 0.0 0.0 0.0 0.0 0.0
0.0 0.0 0.0 0.0 0.0 0.0
0.0 0.0 0.0 0.0 0.0 0.0
0.0 0.0 0.0 0.0 0.0 0.0
0.0 0.0 0.0 0.0 0.0 0.0
0.0 0.0 0.0 0.0 0.0 0.0
0.0 0.0 0.0 0.0 0.0 0.0
0.0 0.0 0.0 0.0 0.0 0.0
0.0 0.0 0.0 0.0 0.0 0.0
0.0 0.0 0.0 0.0 0.0 0.0
0.0 0.0 0.0 0.0 0.0 0.0
0.0 0.0 0.0 0.0 0.0 0.0
0.0 0.0 0.0 0.0 0.0 0.0
-0.8776660312125167 -0.9303697899985501 -1.0331980629309772 -0.9877917118808012 -0.9745711018645529 -2.6061987098099397
-0.09319500000000001 -0.154755 -0.21523353144246482 -0.056788237575496704 -0.21439713554247733 -0.31372097128454957
-1.5522514279509252 -1.5158035112073367 -1.5462202321602379 -1.5458821393248101 -1.5535738801571686 -2.0498462160105446
-0.32181071319095556 -0.37177025098766925 -0.4300726919108613 -0.4510201500007526 -0.32798665074334726 -0.5
-0.9687122224730017 -0.9732627387372894 -1.0089654661862257 -0.9734954829609995 -0.9906625769994772 -2.309695805982209
-0.1659120961268187 -0.046921969789061005 -0.07220829079767542 -0.20439515945534797 -0.20133221486303726 -0.95
-1.5113881650484209 -1.4919266405562162 -1.5667158598748552 -1.5209126134115163 -1.5273326577298445 -1.7826723195426672
-0.20460631812199967 -0.19525500000000004 -0.22219628515640183 -0.23968295489732014 -0.21364578297654166 -0.51392795
-0.9498459755759247 -0.9436967150172154 -0.9330041064202058 -0.9297606069662468 -0.9798851268519171 -2.3359447735055774
-0.8641020617639812 -0.8724564603060662 -0.863327234781133 -0.8354250980264235 -0.8461271114734037 -0.95
-0.24975479112681875 -0.2940345 -0.4140320046154876 -0.2621469603937811 -0.34169991794625937 -1.9632805338277757
-0.18586712308702583 -0.045000000000000005 -0.04537202775596222 -0.06726794814958555 -0.21132592020378335 -0.5
-0.050342125724257517 -0.01688317692391739 -0.007549574408086589 -0.0020554455623491594 0.9254564942457896 -0.4873325000000003
0.0 0.0 0.0 0.0 0.0 0.0
-0.050342125724257517 -0.004963024863495001 -1.4215499999999896e-05 -0.0020554455623491594 1.9372832503292052 -0.5
0.0 0.0 -0.0002496825000000001 0.0 0.0 -0.545
0.0 0.0 -0.041079884836050004 0.0 -0.010975500000000001 0.0
0.0 0.0 0.0 0.0 -0.00030300451986344076 0.0
0.0 -0.045000000000000005 -0.003973460214782415 -0.0073872506089658445 2.333471431209127 -0.5
0.0 0.0 0.0 0.0 0.0 -0.5
-0.013929887102445002 0.0 0.0 0.0 0.0 0.0
-0.005383282145769275 -0.004963024863495001 -1.4215499999999896e-05 0.0 0.0 -0.5060541153334628
0.0 0.0 0.0 -0.025989116509303953 0.0 0.0
0.0 0.0 0.0 0.0 0.0 0.0
