-0.5881501046119395 -0.005405485007154723 62.507209604393594 0.0 0.0169262550323662 -0.028018058445720008
0.0 0.0 0.0 0.0 0.0 0.004228200000000001
-1.355 -0.05023426050000001 -0.04351324500000001 -0.04050000000000001 -0.07639155 -0.19206904840182001
2.983555795304811 0.0 0.13968 -0.002952450000000001 -0.012188105499125601 0.0
-0.5603495 -0.016300906291431605 2.5091094967673113 -0.1028295 -0.06086043610146387 -0.027167779220940005
3.629135768038315 0.0 -0.0005362239690000002 -1.96286272950132e-06 -0.04050000000000001 0.0
-0.95 -0.049673295000000006 1.6236532533264256 -0.005609655000000001 -0.06104205000000001 -0.09316406288547001
0.6078188947450002 0.0 0.0 -0.044550000000000006 0.0 0.0
-1.6715985134534432 0.0 1.1500736585148137 0.0 -0.0069255 0.0
0.0 0.0 0.0 0.0 -0.013927950000000003 0.0
-0.944285045 -0.11830500000000001 3.5989619088208067 -0.0036450000000000007 -0.06104205000000001 -0.0294179202
0.5196505000000001 -0.045000000000000005 -0.0003280500000000001 0.0 0.0 -0.0014873434018200004
-0.95 1.5498455320623659 0.0 -0.04050000000000001 -0.0076950000000000005 0.0
0.0 0.0 0.0 0.0 -0.008318295000000002 0.0
0.0 1.0862330945210572 0.0 0.0 0.0 0.0
0.0 0.0 0.0 0.0 0.0 0.0
-0.5 0.0 0.0 0.0 0.0 0.0
0.0 0.0 0.0 0.0 0.0 0.21587462257523798
-0.949619462 -0.0003645000000000001 0.0 0.0 -0.008318295000000002 0.2877398302795652
1.2000000000000002 0.0 0.0 0.0 0.0 0.0
-0.5 0.0 0.10800000000000004 -0.045000000000000005 -0.0076950000000000005 0.0
0.0 0.0 0.0 0.0 0.0 0.0
0.0 1.1027441326350367 0.0 0.0 0.0 0.0
0.0 0.0 0.0 0.0 0.0 -0.045000000000000005
0.0 0.0 0.0 0.0 0.0 0.0
0.0 0.0 0.0 0.0 0.0 0.0
0.0 0.0 0.0 0.0 0.0 0.0
0.0 0.0 0.0 0.0 0.0 0.0
0.0 0.0 0.0 0.0 0.0 0.0
0.0 0.0 0.0 0.0 0.0 0.0
0.0 0.0 0.0 0.0 0.0 0.0
0.0 0.0 0.0 0.0 0.0 0.0
0.0 0.0 0.0 0.0 0.0 0.0
0.0 0.0 0.0 0.0 0.0 0.0
0.0 0.0 0.0 0.0 0.0 0.0
0.0 0.0 0.0 0.0 0.0 0.0
0.0 0.0 0.0 0.0 0.0 0.0
0.0 0.0 0.0 0.0 0.0 0.0
0.0 0.0 0.0 0.0 0.0 0.0
0.0 0.0 0.0 0.0 0.0 0.0
0.0 0.0 0.0 0.0 0.0 0.0
0.0 0.0 0.0 0.0 0.0 0.0
0.0 0.0 0.0 0.0 0.0 0.0
0.0 0.0 0.0 0.0 0.0 0.0
0.0 0.0 0.0 0.0 0.0 0.0
0.0 0.0 0.0 0.0 0.0 0.0
0.0 0.0 0.0 0.0 0.0 0.0
0.0 0.0 0.0 0.0 0.0 0.0
-0.0076950000000000005 -0.545 0.4860192369920467 -0.007330500000000002 -0.013907096550000001 -0.11464276875189995
0.0 6.196120503926134 0.009720000000000005 -0.004050000000000001 0.0 0.0
-0.12195 -0.9439250000000001 1.9116741972755609 -0.07809573645401782 -0.047481596550000005 -0.11466934080189996
0.0 0.0 8.096030284883303 0.03640579109864923 -0.0064373187348 -0.0038896200000000008
-0.003645000000000001 -1.7265286162808615 0.0 -0.0202903569125457 0.1017970681619044 -0.0038896200000000008
-0.11276977950000001 8.302573330654232 0.0 -0.05958788438383684 -0.1125948406005 0.0
-0.020238664356163803 -1.3542719340801899 -0.04050000000000001 -0.045445500000000014 -0.125852495922 -0.11322331115165996
-0.003916192050000001 -0.5 0.0 0.0 -0.08619255 -0.0038896200000000008
-0.19890000000000002 -1.355 -0.04050000000000001 0.10718112059864923 -0.0069255 -0.0035006580000000007
0.0 0.0 0.015119460000000005 0.0 0.0 0.0
-0.003916192050000001 -0.8989205045507953 3.1998825847526966 -0.004050000000000001 -0.004742550000000002 -0.0013061126409228006
-0.12195 1.214188112928 0.0 0.0 -0.07613671237200001 0.0
0.0 -0.95 0.0 0.0 0.0 0.0
0.0 0.0 0.0 -5.609655000000002e-05 0.0 0.0
-2.391484500000001e-07 -0.95 1.68379050420412 -0.04050000000000001 -0.003649782969 0.0
0.0 13.14695916378376 0.0 -0.07548795000000001 -0.04960845000000001 0.0
0.0 -0.26465392281751876 0.0 0.0 0.0 0.0
0.0 19.893088946121654 0.0 0.0 0.0 -0.004315720500000002
0.7078487362154902 -0.5 0.0 -0.09319500000000001 0.0 0.0
0.0 3.6748200000000004 0.0 0.0 0.0 -0.004050000000000001
0.45825377978038695 -0.95 0.0 0.0 0.0 -0.06925500000000001
-0.0002657205000000001 0.0 0.0 0.0 0.0 0.0
0.0 -0.5 0.07085880000000003 0.0 0.0 0.0
0.0 0.0 0.0 0.0 0.0 0.0
0.0 0.0 0.0 0.0 0.0 0.0
0.0 0.0 0.0 0.0 0.0 0.0
0.0 0.0 0.0 0.0 0.0 0.0
0.0 0.0 0.0 0.0 0.0 0.0
0.0 0.0 0.0 0.0 0.0 0.0
0.0 0.0 0.0 0.0 0.0 0.0
0.0 0.0 0.0 0.0 0.0 0.0
0.0 0.0 0.0 0.0 0.0 0.0
0.0 0.0 0.0 0.0 0.0 0.0
0.0 0.0 0.0 0.0 0.0 0.0
0.0 0.0 0.0 0.0 0.0 0.0
0.0 0.0 0.0 0.0 0.0 0.0
0.0 0.0 0.0 0.0 0.0 0.0
0.0 0.0 0.0 0.0 0.0 0.0
0.0 0.0 0.0 0.0 0.0 0.0
0.0 0.0 0.0 0.0 0.0 0.0
0.0 0.0 0.0 0.0 0.0 0.0
0.0 0.0 0.0 0.0 0.0 0.0
0.0 0.0 0.0 0.0 0.0 0.0
0.0 0.0 0.0 0.0 0.0 0.0
0.0 0.0 0.0 0.0 0.0 0.0
0.0 0.0 0.0 0.0 0.0 0.0
0.0 0.0 0.0 0.0 0.0 0.0
0.0 0.0 0.0 0.0 0.0 0.0
-0.0033070720500000005 -0.061427362500000006 71.29472833147554 -0.0047406928798264724 0.049310633393443146 -0.03323638251
0.0 0.0 4.09790877474853 0.0 0.0 0.0
-0.05376805155 -0.15538757546527757 -0.5 -0.05332675843849502 -0.12198280499999999 -0.04456660173286848
0.0 0.0 7.19527607659521 0.0 -0.008536590000000002 0.0
-0.0037531930158537195 -0.109755 69.19766342520074 0.023185286858404777 0.6854019574547908 -0.0452657205
-0.0008271387809691183 0.0 74.92807858846531 0.043668825431259974 0.28196351133657716 0.0
-2.952450000000001e-05 0.0 8.691087487894205 0.0 0.11399581761227372 0.0
0.0 0.0 8.632114849976587 0.0 0.0 -0.006471602751562189
-2.952450000000001e-05 0.0008119237500000002 11.059040287046471 0.0 -0.06634841323203722 -0.003280500000000001
0.0 0.0 1.2000000000000002 0.0 0.0 0.0
0.13034034930354524 -0.09909455922 9.723289500727372 0.0 0.0 0.0
0.0 0.0 5.914183064490515 0.0 0.11335532612779908 -0.006471602751562189
-0.003005594100000001 0.0 71.13208354104368 0.05174483272325636 0.07237854249138226 0.0
0.0 0.0 0.0 0.0 0.0 -0.0007486465500000002
0.0 0.0 17.62907898233174 0.0 0.18793105276820254 0.13607514000000004
0.0 -0.0003884148450000002 0.0 0.0 0.0 0.41432963908414855
-4.8419149091089624e-05 -0.007398825232995001 70.1977769771505 0.09232680732574478 -0.0009185400000000002 1.5814130205143662
-0.00011112897224590425 0.07143551539203023 84.39988529187545 0.2045877510971231 2.691082989865527 2.585468858289749
0.06976671790500001 5.349732394983766 1.9137350694585888 -0.0042432939450000005 -0.013158450000000002 0.0
0.0 0.0 20.83039628982317 -0.0057150000000000005 0.03912835294203093 0.0
-5.048689500000001e-05 0.0 26.733632531751134 0.0 0.7928064757873776 0.5192383214827446
0.16293150000000006 0.0 0.0 0.0 0.0 0.0
-0.0030029368950000006 1.064971101509435 32.44287792825056 0.03135951736633456 -0.014620500000000002 -0.0006064037055000003
0.0 0.0 24.14504250133234 0.0 0.0 0.00013620923479691938
0.0 0.0 0.0 0.0 0.0 0.0
0.0 0.0 0.0 0.0 0.0 0.0
0.0 0.0 0.0 0.0 0.0 0.0
0.0 0.0 0.0 0.0 0.0 0.0
0.0 0.0 0.0 0.0 0.0 0.0
0.0 0.0 0.0 0.0 0.0 0.0
0.0 0.0 0.0 0.0 0.0 0.0
0.0 0.0 0.0 0.0 0.0 0.0
0.0 0.0 0.0 0.0 0.0 0.0
0.0 0.0 0.0 0.0 0.0 0.0
0.0 0.0 0.0 0.0 0.0 0.0
0.0 0.0 0.0 0.0 0.0 0.0
0.0 0.0 0.0 0.0 0.0 0.0
0.0 0.0 0.0 0.0 0.0 0.0
0.0 0.0 0.0 0.0 0.0 0.0
0.0 0.0 0.0 0.0 0.0 0.0
0.0 0.0 0.0 0.0 0.0 0.0
0.0 0.0 0.0 0.0 0.0 0.0
0.0 0.0 0.0 0.0 0.0 0.0
0.0 0.0 0.0 0.0 0.0 0.0
0.0 0.0 0.0 0.0 0.0 0.0
0.0 0.0 0.0 0.0 0.0 0.0
0.0 0.0 0.0 0.0 0.0 0.0
0.0 0.0 0.0 0.0 0.0 0.0
-0.045000000000000005 -0.03280500000000001 -0.045000000000000005 -1.7198734882055 -0.0076950000000000005 -0.08904059313009301
0.0 0.0 0.0 -0.636832469666846 0.0 0.0
-0.10017808342141568 -0.045000000000000005 -0.045000000000000005 -0.3484671601393967 -0.12231450000000002 -0.07762720499999999
0.0 -0.0003223104372000001 0.0 -1.0355 0.09578455681606594 -0.0006232950000000002
-0.00045714587625000013 -0.1218844740672171 0.2610762506540336 -0.4787914882055001 -0.11372805000000001 -0.065893718416905
-0.07724153160363911 -0.09214771050000001 0.7111194414080397 -0.9521460066724576 -0.048044330362771046 0.14540117553773588
-0.085954382055 -0.10898916486377985 1.1054395347685924 -2.0508198796911152 -0.09635350785739709 -0.07769272901809497
-0.08549527608 -0.008387550000000002 -0.046199788311577505 -0.6845737891722004 -0.07727805000000001 -0.030042446594600355
-0.009316406288547002 -0.045000000000000005 -0.045000000000000005 -0.95 -0.045000000000000005 -0.003280500000000001
0.0 0.0 0.0 1.2000000000000002 0.0 0.0
-0.126 -0.0857657205 -0.08060833411137946 -0.9990781817155434 -0.10190148321415514 -0.06147886474452911
0.0 -0.1218844740672171 0.07002932169496501 -0.6364215300104303 -0.017901000000000004 -0.0855
0.0 0.0 0.0 -0.5 -0.012250246940172892 -2.1809585883348e-05
0.0 0.0 0.0 0.0 0.0 0.0005165606520000001
0.054703700527050016 0.0 0.8326454899175177 -0.5 0.0 0.0
0.0 -0.045000000000000005 1.7339627726085443 -0.03961164102549797 0.0 0.0
0.0 0.0 -0.000582444247640597 0.0 -0.0453645 0.0
0.0 0.0 -0.0013938885000000002 -0.20013524171934338 0.0 0.0
0.0 0.0 0.7299237179952607 -0.09966200000000003 -0.04407479898120001 0.0
0.0 0.0 2.0842313607518506 0.0 0.0 0.0
0.0 0.0 0.0 0.0 -0.012250246940172892 0.08241593016600463
0.0 0.0 0.0 1.2000000000000002 0.0 0.0
0.0 -0.04050000000000001 1.1248615776305908 -0.48020000000000007 -0.04407479898120001 0.0
0.0 0.0 0.0 0.0 0.0 0.0
0.0 0.0 0.0 0.0 0.0 0.0
0.0 0.0 0.0 0.0 0.0 0.0
0.0 0.0 0.0 0.0 0.0 0.0
0.0 0.0 0.0 0.0 0.0 0.0
0.0 0.0 0.0 0.0 0.0 0.0
0.0 0.0 0.0 0.0 0.0 0.0
0.0 0.0 0.0 0.0 0.0 0.0
0.0 0.0 0.0 0.0 0.0 0.0
0.0 0.0 0.0 0.0 0.0 0.0
0.0 0.0 0.0 0.0 0.0 0.0
0.0 0.0 0.0 0.0 0.0 0.0
0.0 0.0 0.0 0.0 0.0 0.0
0.0 0.0 0.0 0.0 0.0 0.0
0.0 0.0 0.0 0.0 0.0 0.0
0.0 0.0 0.0 0.0 0.0 0.0
0.0 0.0 0.0 0.0 0.0 0.0
0.0 0.0 0.0 0.0 0.0 0.0
0.0 0.0 0.0 0.0 0.0 0.0
0.0 0.0 0.0 0.0 0.0 0.0
0.0 0.0 0.0 0.0 0.0 0.0
0.0 0.0 0.0 0.0 0.0 0.0
0.0 0.0 0.0 0.0 0.0 0.0
0.0 0.0 0.0 0.0 0.0 0.0
0.0 0.0 0.0 0.0 0.0 0.0
-0.1504438662108099 -0.12195 0.8163572535476858 -0.15475500000000003 -0.678245 -0.0919681983
-0.004050000000000001 -0.07695 0.0 0.0 -1.35532805 -0.09242550000000001
-0.22739386621080993 -0.077573295 2.936360715657904 -0.07695 -1.362548795 -0.05147550000000001
-0.044550000000000006 -0.07695 0.0 0.0 -0.5 -0.045059049
-0.07695 -0.094851 5.308295266953267 -0.081 -1.3553644999999999 -0.0960705
-0.022431403771641968 -0.07695 11.5263839048628 -0.0036450000000000007 -1.012775 -0.0005417877347622003
-0.067808628 -0.19890000000000002 4.006917825038664 0.0 -0.9540500000000001 0.0
-0.1361138548908099 -0.07618050000000001 0.0025683964731702015 -0.0003280500000000001 -0.50405 -0.12818295000000002
-0.045000000000000005 -0.0036450000000000007 0.32303224559934635 -0.07695 -1.79645 -0.006925500000000002
0.0 0.030149800027767317 0.0 -0.07695 0.0 -0.045059049
-0.10647450000000001 -0.114061092409242 1.8102297033800494 -0.04050000000000001 -2.6012111387 -0.074864655
-0.004050000000000001 -0.0855 4.939386943547093 0.0 -0.50405 -0.052695000000000006
0.0 0.0 0.0 0.0 -0.5 0.0
0.0 0.0 0.0 0.0 0.0 0.0
0.0 0.0 0.0 0.0 0.0 0.0
0.0 0.0 0.0 0.0 0.0 0.0
0.0 0.0 0.0 0.0 0.0 0.0
0.0 0.0 0.0 0.0 -0.5 0.0
0.0 0.0 0.0 0.0 -0.5 -0.0009582705000000003
0.0 0.0 0.0 0.0 0.0 0.0
0.0 0.0 0.0 0.0 -0.5 0.0
0.0 0.0 0.0 0.0 0.0 0.0
0.0 0.0 0.0 0.0 0.0 0.0
0.0 0.0 0.0 0.0 0.0 0.0
0.0 0.0 0.0 0.0 0.0 0.0
0.0 0.0 0.0 0.0 0.0 0.0
0.0 0.0 0.0 0.0 0.0 0.0
0.0 0.0 0.0 0.0 0.0 0.0
0.0 0.0 0.0 0.0 0.0 0.0
0.0 0.0 0.0 0.0 0.0 0.0
0.0 0.0 0.0 0.0 0.0 0.0
0.0 0.0 0.0 0.0 0.0 0.0
0.0 0.0 0.0 0.0 0.0 0.0
0.0 0.0 0.0 0.0 0.0 0.0
0.0 0.0 0.0 0.0 0.0 0.0
0.0 0.0 0.0 0.0 0.0 0.0
0.0 0.0 0.0 0.0 0.0 0.0
0.0 0.0 0.0 0.0 0.0 0.0
0.0 0.0 0.0 0.0 0.0 0.0
0.0 0.0 0.0 0.0 0.0 0.0
0.0 0.0 0.0 0.0 0.0 0.0
0.0 0.0 0.0 0.0 0.0 0.0
0.0 0.0 0.0 0.0 0.0 0.0
0.0 0.0 0.0 0.0 0.0 0.0
0.0 0.0 0.0 0.0 0.0 0.0
0.0 0.0 0.0 0.0 0.0 0.0
0.0 0.0 0.0 0.0 0.0 0.0
0.0 0.0 0.0 0.0 0.0 0.0
-0.025520884018200005 0.007085880000000003 0.0 -0.07973574196334073 -0.15572345928300002 -1.355
-0.002647612818 0.0 0.0 0.0 0.0 -0.4068505760000001
-0.04562329500000001 0.0 0.09696320942600055 -2.6656769088334817e-05 -0.03913852873203721 -1.7126113960770626
-0.08498565405000001 -0.045000000000000005 0.8163992121737811 -0.043218000000000006 -0.006561000000000002 -0.1895
0.23613480981560958 -0.015659963698538615 0.0 -0.07190669723957988 -0.006475278732037202 -0.5
-0.09577847924505001 0.0 10.7057381858089 -0.07969944960578676 -0.014224284450000003 -0.3612000122388773
0.01568445283856548 -0.08145000000000001 1.4188408591584167 0.0 -0.3660449236677 -0.95
0.0 0.0 7.192050145730031 0.0 -0.00046042459087067993 0.0
-0.006019863719580003 -0.045000000000000005 0.0 -0.024658362934645545 -0.035397746820000006 -1.424255
0.0 0.0 0.0 0.05220000000000002 -0.010647450000000003 0.0
0.0 0.36258091678781385 5.736970031505228 0.0 0.0 -0.95
-0.006561000000000001 0.0 8.696978379994334 -0.03636689745690391 0.0 -0.35451854490353274
0.0 0.0 0.0 0.0 0.0 -0.5
-0.004050000000000001 0.0 4.049980647715414 0.0 0.0 -0.5
0.0 0.0 0.0 0.0 0.0 0.5800000000000001
0.0 0.0 0.0 0.0 -0.040828050000000005 0.836299590134768
0.0 0.0 0.19411950388500004 0.0 0.0 -0.50069255
-0.004050000000000001 0.0 0.0 -0.0076950000000000005 0.0 2.989049964260285
-0.004050000000000001 0.0 2.84309112087141 0.0 -0.009010845000000003 0.02200000000000002
0.0 0.0 0.0 0.0 0.0 0.0
0.0 0.0 0.0 0.0 -0.0003645000000000001 -0.5006560999999999
0.0 0.0 0.0 0.0 0.0 0.0
0.0 0.0 1.9343713674331515 0.0 -0.0453645 -1.355
0.0 0.0 0.0 -0.05454592563893574 0.20141559763323996 0.0
0.0 0.0 0.0 0.0 0.0 0.0
0.0 0.0 0.0 0.0 0.0 0.0
0.0 0.0 0.0 0.0 0.0 0.0
0.0 0.0 0.0 0.0 0.0 0.0
0.0 0.0 0.0 0.0 0.0 0.0
0.0 0.0 0.0 0.0 0.0 0.0
0.0 0.0 0.0 0.0 0.0 0.0
0.0 0.0 0.0 0.0 0.0 0.0
0.0 0.0 0.0 0.0 0.0 0.0
0.0 0.0 0.0 0.0 0.0 0.0
0.0 0.0 0.0 0.0 0.0 0.0
0.0 0.0 0.0 0.0 0.0 0.0
0.0 0.0 0.0 0.0 0.0 0.0
0.0 0.0 0.0 0.0 0.0 0.0
0.0 0.0 0.0 0.0 0.0 0.0
0.0 0.0 0.0 0.0 0.0 0.0
0.0 0.0 0.0 0.0 0.0 0.0
0.0 0.0 0.0 0.0 0.0 0.0
0.0 0.0 0.0 0.0 0.0 0.0
0.0 0.0 0.0 0.0 0.0 0.0
0.0 0.0 0.0 0.0 0.0 0.0
0.0 0.0 0.0 0.0 0.0 0.0
0.0 0.0 0.0 0.0 0.0 0.0
0.0 0.0 0.0 0.0 0.0 0.0
