34.57826795234871 0.20041131080362717 0.08254926988306624 0.0 0.1645724719125601 0.5678911267108273
0.0 0.0 0.0 28.85083684221685 0.0 0.03957304171149866
6.111690848191446 0.0 0.0 0.0 0.0 0.03331236147205218
2.2800000000000002 0.0855 0.0 0.0 0.0 0.0
0.0 0.0 0.0 0.0 0.005138616132663802 0.0
3.192069520271172 0.04050000000000001 0.0 0.0 0.0 0.0
11.397315719722968 0.0 0.0 0.0 0.0 0.0
3.885120907920548 0.0 0.0 0.0 0.0 0.0
0.0 0.0 0.0 0.0 0.0 9.722533555071013
12.92883384263675 0.0 0.0 0.0 0.0 0.0
10.725859165012805 0.0 0.0 0.0 0.04050000000000001 0.0
6.762062743091182 0.0 0.0 0.0 0.0 0.0
6.947399481674877 0.0 0.0 0.0 0.0 0.0
8.22459552549039 0.0 0.0 0.0 0.0 0.0
2.61455 0.0 0.0 0.0 0.0 0.0
0.0 0.0 0.0 0.0 0.0 0.3679988022264373
1.355 0.0 0.0 0.0 0.0 0.0
0.0 0.0 0.0 0.0 0.0 0.0
2.9882195939806024 0.0 0.0 0.0 0.0 0.0
3.559519895 0.0 0.0 0.0 0.0 0.0
3.8943926302607794 0.0 0.0 0.0 0.0 0.0
2.8810245 0.0 0.0 0.0 0.0 0.0
0.5 0.0 0.0 0.0 0.0 0.0
0.0 0.0 0.0 0.0 0.0 0.0
30.426492921840808 0.0 0.6646062137220595 0.0 0.0 0.6218523827329879
0.0 0.0 0.0 8.21444651810147 0.0 0.0
0.0 0.0 0.0 0.0 0.0 0.0
3.664578705717023 0.0 0.0 0.0 0.0 0.0
0.0 0.0 0.0 0.0 0.0 0.0
0.0 0.0 0.0 0.0 0.0 0.0
0.0 0.0 0.0 0.0 0.0 0.0
1.6466833738441267 0.0 0.0 0.0 0.0 0.0
0.0 0.0 0.0 0.0 0.0 6.384069309348917
0.0 0.0 0.0 0.0 0.0 0.0
2.2489766685046853 0.0 0.0 0.0 0.0 0.0
0.0 0.0 0.0 0.0 0.0 0.0
3.062897555 0.0 0.0 0.0 0.0 0.0
0.0 0.0 1.7953958097837375 0.0 0.0 0.0
0.95 0.0 0.0 0.0 0.0 0.0
0.0 0.0 0.0 0.0 0.0 0.0
0.0 0.0 0.0 0.0 0.0 0.0
0.0 0.0 0.0 0.0 0.0 0.0
0.0 0.0 0.0 0.0 0.0 0.0
0.0 0.0 0.0 0.0 0.0 0.0
1.7195 0.0 0.0 0.0 0.0 0.0
0.0 0.0 0.0 0.0 0.0 0.0
0.0 0.0 0.0 0.0 0.0 0.0
0.0 0.0 0.0 0.0 0.0 0.0
0.0 4.174521083723213 0.0 0.0 0.0 0.0
0.0 4.926259021661748 0.0 0.0 0.0 0.0
0.0 9.692779678847083 0.0 0.0 0.0 0.0
0.0 11.967569439899744 0.0 0.0 0.0 0.0
0.0 0.5 0.0 0.0 0.0 0.0
0.0 5.613437341718813 0.0 0.0 0.0 0.0
0.0 0.0 0.0 0.0 0.0 0.0
0.0 0.0 0.0 0.0 0.0 0.0
0.0 0.5 0.0 0.0 0.0 0.0
0.0 7.580699194541917 0.10800000000000004 0.0 0.0 0.0
0.0 0.0 0.0 0.0 0.0 1.277776927074849
0.0 0.0 0.0 0.0 0.0 0.0002657205000000001
0.0 4.34593687892 0.0 0.0 0.0 0.0
0.0 1.2000000000000002 0.0 0.0 0.0 0.0
0.0 8.6955013532829 0.0 0.0 0.0 0.0
0.0 1.58 0.0 0.0 0.0 0.0
0.0 4.746252415872018 0.0 0.0 0.0 0.0
0.0 0.0 0.0 0.0 0.0 0.0
0.0 3.1944344941200002 0.0 0.0 0.0 0.0
0.0 0.0 0.0 0.0 0.0 0.0
0.0 3.283092446008134 0.0 0.0 0.0 0.0
0.0 0.0 0.0 0.0 0.0 0.0
0.0 0.0 0.0 0.008748000000000004 0.0 0.0
0.0 1.58 0.0 0.0 0.0 0.0
0.0 0.95 0.0 0.0 0.0 0.0
0.0 0.0 0.0 0.0 0.0 0.0
0.0 7.456293786302668 0.0 0.0 0.0 0.0
0.0 0.0 0.0 0.607325613813441 0.0 0.0
0.0 1.727796199298605 0.0 0.0 0.0 0.0
0.0 0.0 0.0 0.9514018704295122 0.0 0.0
0.3453376331648102 0.0 0.0 0.0 0.0 0.0
0.0 0.0 0.0 0.0 0.47897051601165297 0.0
0.0 0.0 0.0 0.0 0.0 0.0
0.0 0.0 0.0 0.0 0.0 0.0
0.0 0.0 0.0 0.0 0.0 0.0
0.0 0.0 0.0 0.0 0.0 0.0
0.0 0.0 0.0 0.0 0.0 0.0
0.0 0.0 0.0 0.0 0.0 0.0
0.0076950000000000005 3.9231817642500646 0.0 0.0 0.0 0.0
0.0 0.0 0.0 0.008748000000000004 0.6590780852596076 0.0
0.0 0.0 0.0 0.0 0.0 0.0
0.0 2.055 0.0 0.0 0.0 0.0
0.0 0.0 0.0 0.0 0.0 0.0
0.0 0.0 0.0 0.0 0.0 0.0
0.0 0.0 0.0 0.0 0.0 0.0
0.0 2.2800000000000002 0.0 0.0 0.0 0.0
0.18468000000000004 0.0 0.0 0.0 0.0 0.0
0.0 0.0 0.0 0.0 0.0 0.0
0.0 0.0 6.31966840401 0.0 0.0 0.0
0.0 0.0 0.0 0.0 0.0 0.0
0.0 0.0 0.0 0.0 0.0 0.0
0.0 0.0 0.0 0.0 0.12028500000000002 0.0
0.0 0.0 0.0 0.0 1.056470137677953 0.0
0.0 0.0 33.92018084010418 0.0 0.0 0.0
0.0 0.0 0.0 0.0 0.0 0.0
0.0 0.0 6.50587877732166 0.0 0.0 0.0
0.0 0.0 1.695 0.0 0.0 0.0
0.0 0.0 1.2000000000000002 0.0 0.0 0.0
0.0 0.0 5.106447907819296 0.0 0.0 0.0
0.0 0.0 1.2000000000000002 0.0 0.0 0.0
0.0 0.0 18.046517159573536 0.0 0.0 0.0008748000000000004
0.0 0.0 12.548653545936922 0.0 0.0 0.0008748000000000004
0.0 0.0 9.548170389541706 0.0 0.0 0.0
0.0 0.0 7.9700092101702875 0.0 0.0 0.0
0.0 0.0 41.70698819575467 0.0 0.0 0.0701298
0.0 0.0 52.184307460866115 0.29231129165553443 0.0 0.0007873200000000004
0.0 0.2814499741899809 8.831719671863599 0.0 0.0 0.0
0.0 0.0 11.351304251541022 0.0 0.0 0.0
0.0 0.0 0.0 0.9054012833236562 0.0 0.0
0.0 0.0 13.758971946831453 0.0 0.0 0.0
0.0 0.0 16.511858043193516 0.0 0.09720000000000004 0.0
0.0 0.0 0.0 1.0188328435017389 0.0 0.0
0.0 0.0 0.0 0.0 0.0 0.0
0.0 0.0 0.0 0.0 0.0 0.0
0.0 0.0 0.0 0.0 0.0 0.0
0.0 0.0 0.0 0.0 0.0 0.0
0.0 0.0 6.884899123314353 0.0 0.0 0.0
0.0 0.0 13.619385149343433 0.045000000000000005 0.0 0.0
0.0 0.0 1.206311682 0.0 0.0 0.0
0.0 0.0 0.0 0.0 0.0 0.0
0.0 0.0 0.5 0.0 0.0 0.0
0.0 0.0 4.9259626050000005 0.0 0.0 0.0
0.0 0.0 0.0 0.0 0.0 0.0
0.0 0.0 0.0 0.0 0.0 0.0
0.0 0.0 1.65722988 0.0 0.0 0.0
0.0 0.0 0.0 0.0 0.0 0.0
0.0 0.0 0.0 0.0 0.20068200000000003 0.0
0.0 0.0 0.0 0.0 0.0 0.0
0.0 0.0 12.039668989261342 0.0 0.0 0.0
0.0 0.0 45.888470042461016 0.0 0.0 0.0008748000000000004
0.0 0.0 0.0 0.0 0.005008956570234775 0.0
0.0 0.0 0.0 0.0 0.0 0.0
0.0 0.0 0.0 0.0 0.0 0.0
0.0 0.0 7.033547767740441 0.0 0.10800000000000004 0.0008748000000000004
0.0 0.0393036497789414 0.0 0.0 0.0 0.0
0.0 0.0 0.0 0.0 0.0 0.0
0.0 0.0 0.0 58.75876860154449 0.0 0.0
0.0 0.0 0.0 0.0 1.8297103207334924 0.0
0.0 0.0 0.0 8.464699174002256 0.0 0.0
0.0 0.0 0.0 10.05318081109586 0.09720000000000004 0.0
0.0 0.0 0.0 6.878325016521044 0.0 0.0
0.0 0.0 0.0 15.523107759430529 0.0069255 0.0
0.0 0.0 0.05609655000000001 57.263730775363 0.0 0.14228017354507755
0.0 0.0 0.0 61.22883829034831 0.0 0.0
0.0 0.0 0.0 0.0 0.0 0.512103454267695
0.0 0.0 0.0 0.5 0.3963438000000001 2.484617024848373
0.045000000000000005 0.0 0.0 9.49910832139897 0.0 0.0
0.0 0.0 0.0 3.210774554238086 0.0 0.0
0.0 0.0 0.0 1.2000000000000002 42.12308025967918 0.0
0.0 0.0 0.0 0.0 0.0 0.0
0.0 0.0 0.0 8.110612640650302 0.0 0.0
0.0 0.0 0.0 5.253568724478456 0.0 0.0
0.0 0.0 0.0 0.0 0.0 0.0
0.0 0.0 0.0 9.02419228128467 0.0 0.0
0.0 0.0 0.0 51.786622738209076 0.0 0.0
0.0 0.0 0.0 56.64193214349892 0.0 0.0
0.0 0.0 0.0 0.0 0.573452425402678 0.0
0.0 0.0 0.0 6.816714760930249 0.0 0.0
0.0 0.0 0.0 7.006866018468793 0.0 0.0
0.0 0.0 0.0 1.2000000000000002 0.0 0.0
0.0 0.0 0.0 39.23597050156921 0.0 0.0
0.0 0.0 0.0 0.0 0.0 0.0
1.2334685578677793 0.0 0.0 0.0 0.0 0.0
0.0 0.0 0.0855 0.0 0.0 0.0
0.0 0.0 0.0 0.0 0.0 0.0
0.0 0.0 0.0 2.506202741524726 0.0 0.0
0.0 0.0 0.0 58.84331333235998 0.0 0.0
0.0 0.0 0.0 58.422493569142006 0.0076950000000000005 0.0
0.0 0.0 0.0 0.0 0.0 0.0
0.0 0.0 0.0 4.917546522770371 0.0 0.0
0.0 0.0 0.0 4.977358988499352 0.0 0.0
0.14220000000000002 0.0 0.0 0.0 0.0 0.0
0.0 0.0 0.0 0.0 0.0 0.0
0.0 0.0 0.0 0.0 0.0 0.0
0.0 0.0 0.0 2.2751864212334274 0.0 0.0
0.0 0.0 0.0 0.0 0.0 0.0
0.0 0.0 0.0 0.0 0.0 0.0
0.0 0.0 0.0 1.2000000000000002 0.0 0.0
0.0 0.0 0.0 58.84171118100537 0.0 0.0
0.0 0.0 0.0 59.92073708174055 0.0 0.0
0.0 0.0 0.0 0.5 0.0 0.0
0.0 0.0 0.0 1.058 0.0 0.0
0.0 0.0 0.0 1.4052 0.0 0.0
0.0 0.0 0.0 1.2000000000000002 0.0 0.0
0.033714460446407205 0.0 0.0 0.0 0.0 0.0
0.0 0.0 0.0 0.0 0.0 0.0
0.0 0.0 0.0 0.0 5.59135714434562 0.0
0.0 0.0 0.0 0.0 5.579732659534979 0.0
0.0 0.0 0.0 0.0 1.2000000000000002 0.0
0.0 0.0 0.0 0.0 0.5 0.0
0.0 0.0 0.0 0.0 7.23636535191047 0.0
0.0 0.0 0.0 0.0 52.28534384869069 0.0
0.0 0.0 0.0 0.0 64.72177144841622 0.0
0.0 0.0 0.0 0.0 62.27354458155271 0.0
0.0 0.0 0.0 0.013365000000000002 22.265975422427843 0.0
0.0 0.0 0.0 0.0 0.0 0.0
0.0 0.0 0.0 0.0 8.514905737703362 0.0
0.0 0.0 0.0 0.0 0.0 0.0
0.0 0.0 0.32688039764635074 0.035670942000000004 11.233507551011588 0.0
0.0 0.0 0.0 0.0 16.872345485126484 0.0
0.0 0.0 0.0 0.0 16.996827826756128 0.007800300000000002
0.0 0.0 0.0 0.0 19.529162706843483 0.0
0.0855 0.0 0.0 0.0 10.244894031586206 0.0
0.0 0.0 0.0 0.0 67.60475799835434 0.0
0.0 0.0 0.0 0.035670942000000004 68.14040515593584 0.0
0.0 0.0 0.02074633786800001 0.04731855004620001 72.10271327838079 0.0
0.0 0.0 0.0 0.0 48.93880119123321 0.0
0.0 0.0 0.0 0.0 0.0 0.022367515309401897
0.0 0.0 0.0 0.0 1.2000000000000002 0.0
0.0 0.0 0.0 0.0 0.0 0.0
0.0 0.0 0.0 0.0 0.0 0.0
0.0 0.0 0.0 0.0 7.899019313843602 0.0
0.0 0.0 0.0 0.0 0.0 0.0
0.0 0.0 0.0 0.0 0.0 0.0
0.0 0.0 0.0 0.0 0.0 0.0
0.0 0.0 0.0 0.0 17.464082431947954 0.0
0.34291536002924805 0.0 0.0 0.0 0.0 0.0
0.0 0.0 0.0 0.0 53.4120576297442 0.0
0.0 0.0 0.0 0.0 4.046197514699205 0.0
0.0 0.0 0.0 0.0 0.0 0.0
0.0 0.0 0.0 0.0 2.959062011515334 0.0
0.0 0.0 0.0 0.0 0.0 0.0
0.44905455 0.0 0.0 0.0 0.0 0.0
0.0 0.0 0.2926800000000001 0.0 0.0 0.0
0.0 0.0 0.0 0.07710384780000001 0.0 0.0
0.0 0.0 0.0 0.0 0.0 0.05008956570234775
0.0 0.0 0.0 0.0 3.7437855967432094 0.0
0.0 0.37119510654394194 0.0 0.0 0.0 0.0
0.0 0.0 0.0 0.0 60.09643396414396 0.0
0.0 0.0 0.0 0.035670942000000004 71.62906780124635 0.0
0.0 0.0 0.0 0.045000000000000005 28.253138601233374 0.0
0.0 0.0 0.0 0.0 0.0 0.0
0.33312361472052177 0.0 0.0 0.4397004634610962 0.0 14.860891120921503
0.0 0.0 0.0 0.0 0.0 3.077510437553631
0.1778501168504685 0.0 0.0 0.0 0.0 6.02433133579102
0.0 0.0 0.0 0.0 0.0 2.850661634310186
0.0 0.0 0.0 0.6533852428223041 0.0 4.881664062968612
0.0 0.0 0.009720000000000005 0.004050000000000001 0.0 5.904640688365851
0.0 0.0 0.0 0.0 0.0 11.029661945210147
0.0 0.0 0.0 0.0 0.0 6.610286237142683
0.0 0.0 0.0 0.0 0.0 5.194294534116184
0.0 0.0 3.5124049380717923 0.058328306955000006 0.0 0.0
0.0 0.13091720160523895 0.004649045868000003 0.0 0.021523360500000005 19.19628207417853
0.0 0.0 0.0 0.0 0.0 14.758434440160762
0.0 0.0 0.0 0.0 0.002761421643136037 0.0
0.0 0.0 0.0 0.0 0.0 0.0
0.0 0.0 0.0 0.0 0.0 0.0
0.0 0.0 0.0 0.0 0.0 0.0
0.0 0.0 0.0 0.0 0.0 1.8494528702101372
0.0 0.14220000000000002 0.0 0.0 0.0 0.0
0.0 0.0 0.0 0.0 0.004208842620234777 2.8134009278664394
0.0 0.0 0.0 0.0 0.0 0.0
0.0 0.0 0.0 0.0 0.0 1.2000000000000002
0.0 0.0 0.0 0.0 0.0 0.5
0.0 0.0 0.0 0.0 0.0 13.348683433472274
0.0 0.0 0.0 0.0 0.0 1.955442722191798
0.0 0.0 0.0 0.0 0.0 3.757036148913955
0.0 0.0 0.0 0.0 0.0 0.0
0.0 0.0 0.0 0.0 0.0 2.2751925188717133
0.0 0.0 0.0 0.0 0.0 0.95
0.0 0.0 0.0 0.0 0.0 0.0
0.0 0.0 0.0 0.0 0.0 0.0
0.0 0.0 0.0 0.0 0.0 1.0360609655
0.0 0.0 0.0 0.0 0.0 0.0
0.0 0.0 0.0 0.0 0.0 1.072670102555
0.597105337061882 0.0 0.0 0.0 0.0 0.0
0.0032805000000000004 0.0 0.0 0.24544095664217538 22.754525033154664 1.3630011395
0.004050000000000001 0.018468000000000005 0.0 0.0 0.0 7.219780496620805
0.0 0.0 0.0 0.0 0.0 0.0
0.0 0.0 0.0 0.0 0.0 0.0
0.0 0.0 0.0 0.0 0.0 0.0
0.0 0.0 0.0 0.0 0.0 0.0
0.0 0.0 0.0 0.0 0.0 2.386841256098019
0.0 0.0 0.0 0.0 0.0 0.5
0.8279480747624846 0.0 0.0 0.0 0.0 0.0
0.0 0.0 0.0 0.0 0.0 0.0
0.0 0.0 0.0 0.0 0.0 0.0
0.0 0.0 0.0 0.0 0.0 0.0
0.04905000000000001 0.0 0.0 0.0 0.0 3.580871688980538
0.0 0.0 0.0 0.0 0.0 1.6500000000000001
