0.0 0.0 0.0 0.0 0.0 0.0
0.0 0.0 0.0 0.0 0.0 0.0
0.0 0.0 0.0 0.0 0.0 0.0
0.0 0.0 0.0 0.0 0.0 0.0
0.0 0.0 0.0 0.0 0.0 0.0
0.0 0.0 0.0 0.0 0.0 0.0
0.0 0.0 0.0 0.0 0.0 0.0
0.0 0.0 0.0 0.0 0.0 0.0
0.0 0.0 0.0 0.0 0.0 0.0
0.0 0.0 0.0 0.0 0.0 0.0
0.0 0.0 0.0 0.0 0.0 0.0
0.0 0.0 0.0 0.0 0.0 0.0
0.0 0.0 0.0 0.0 0.0 0.0
0.0 0.0 0.0 0.0 0.0 0.0
0.0 0.0 0.0 0.0 0.0 0.0
0.0 0.0 0.0 0.0 0.0 0.0
0.0 0.0 0.0 0.0 0.0 0.0
0.0 0.0 0.0 0.0 0.0 0.0
0.0 0.0 0.0 0.0 0.0 0.0
0.0 0.0 0.0 0.0 0.0 0.0
0.0 0.0 0.0 0.0 0.0 0.0
0.0 0.0 0.0 0.0 0.0 0.0
0.0 0.0 0.0 0.0 0.0 0.0
0.0 0.0 0.0 0.0 0.0 0.0
0.13499882487336523 -0.05142761211404763 16.33885554046848 -0.0810855 -0.20940457294230239 0.1405897851112712
-0.6796889709734388 -0.24574189725778875 -0.22658136020609115 -0.2300943186212038 -0.3888088260255895 -0.23769112518000002
-1.1285432264888728 -0.19057539910500002 16.45404231811457 -0.18132705000000002 -0.14480117455184705 -0.23689171429363798
-0.5059597208 -0.004050000000000001 -0.00165046005 -0.003645000000000001 -0.2518359773547222 -0.12195
4.992341372854259 -0.062124576244049275 0.32550729643918597 0.0380899998119275 -0.15650232985639112 0.12541156684196794
-1.387098783929178 -0.12441404078524802 -0.1258507904157879 -0.11755445805 -0.23554172373294602 -0.1301187238425
-0.4158050000000001 0.13877535653630552 -0.034059552138 -0.0009877950000000003 -0.21946242785972223 0.0
1.7036318942386033 0.0 0.0 0.0 0.0 0.0
-0.40524847278800025 -0.004050000000000001 3.8294281054095896 -0.045000000000000005 -0.17795339476435798 -0.07695
0.0 -0.08586450000000001 0.0 0.0 0.0 -0.12195
1.8137445922092927 0.03149232100690501 0.0 -0.0029524500000000006 0.0 0.038176461240409784
-0.502734750804005 0.0 0.0 0.0 0.0 0.0
-0.280466601606038 0.0 14.212020952087556 0.0 -0.05032042853985427 -0.00648680688
-0.15952029724495287 0.0 16.06392285012734 -0.004050000000000001 -0.0421857381740776 -5.343934500000002e-05
2.897418173518407 0.0 0.0 0.0 0.0 0.0
0.0 -0.0013066031187600857 0.0 -0.009100307311922703 0.0 -0.00648680688
-0.4449115789061414 2.439524717926332 -0.0006925297766504744 -0.004050000000000001 -0.050320610550000006 -2.952450000000001e-05
5.201094729851931 0.0 0.0 -0.0032805000000000004 0.0 0.0
-0.5 0.21440303730006377 0.0 0.0 0.0 -0.0076950000000000005
0.0 0.0 -0.0006925500000000001 -0.004050000000000001 0.0 0.0
0.02506152192853872 0.0 5.457435200661093 0.0 -0.007694797766504742 0.0
0.0 0.0 0.0 0.0 0.0 0.0
0.0 -0.010961034749936281 10.918613849747533 0.0 0.0 -0.0069255
-0.5 0.0 0.0 0.0 0.0 -0.0003645000000000001
0.0 0.0 0.0 0.0 0.0 0.0
0.0 0.0 0.0 0.0 0.0 0.0
0.0 0.0 0.0 0.0 0.0 0.0
0.0 0.0 0.0 0.0 0.0 0.0
0.0 0.0 0.0 0.0 0.0 0.0
0.0 0.0 0.0 0.0 0.0 0.0
0.0 0.0 0.0 0.0 0.0 0.0
0.0 0.0 0.0 0.0 0.0 0.0
0.0 0.0 0.0 0.0 0.0 0.0
0.0 0.0 0.0 0.0 0.0 0.0
0.0 0.0 0.0 0.0 0.0 0.0
0.0 0.0 0.0 0.0 0.0 0.0
0.0 0.0 0.0 0.0 0.0 0.0
0.0 0.0 0.0 0.0 0.0 0.0
0.0 0.0 0.0 0.0 0.0 0.0
0.0 0.0 0.0 0.0 0.0 0.0
0.0 0.0 0.0 0.0 0.0 0.0
0.0 0.0 0.0 0.0 0.0 0.0
0.0 0.0 0.0 0.0 0.0 0.0
0.0 0.0 0.0 0.0 0.0 0.0
0.0 0.0 0.0 0.0 0.0 0.0
0.0 0.0 0.0 0.0 0.0 0.0
0.0 0.0 0.0 0.0 0.0 0.0
0.0 0.0 0.0 0.0 0.0 0.0
0.6884295383386866 -1.3729722610739348 0.0 -0.03931160082120001 -0.045000000000000005 0.0
0.0 5.187530821375066 0.0 -0.014517812430667618 -0.0058451254225400555 -0.11027550778605
-0.15919178971038528 -0.4674791792426264 5.219421377810788 -0.16332433463998294 -0.154755 -0.16391620055550052
0.0 3.619944658651281 0.0 0.0 -0.045000000000000005 0.0
1.1179208704155656 -2.0710892314858436 -0.045000000000000005 0.0 0.0 0.0
-0.023847991125270945 -0.04525592873654283 24.895474298077072 -0.0986807736745307 -0.010208012629582803 -0.08507032271414551
-0.03645000000000001 -1.2420455 0.14822779876500072 -0.07966800000000002 -0.010647450000000001 -0.12195
0.25883361286276463 -0.50405 0.0 0.0 0.0 0.0
-0.06544987686260348 -1.6575623946799865 -0.004050000000000001 -0.11670120000000005 -0.0036450000000000007 0.0835256236884195
0.0 1.2000000000000002 0.0 0.0 0.0 0.0
-0.15940308883399856 -0.48020000000000007 -0.0685393881255 -0.07898602050000002 -0.12195 -0.1514745
0.0 0.0 -0.045000000000000005 0.0 0.0 -0.12195
0.0 -0.48002115200000006 0.0 0.0023535794706750005 -0.004165527872398544 0.0
0.0 1.2067476518724356 0.0 0.0 -0.004050000000000001 0.0
0.0 1.8655074697787215 -0.04050000000000001 -0.0035640532980000007 -0.004165527872398544 0.0
-0.045536374872 -0.50405 -0.0006925500000000002 -0.00018492407297947608 -0.036099542051806224 -0.0027742500000000007
0.0 -0.12858799999999998 0.0 0.23901164554843363 0.0 0.0
0.0 6.5411178544352575 0.0 0.0 0.0 0.0
0.0 -1.355 0.0 0.007194446310420001 0.0 0.0
0.0 -0.5 0.0 0.0 0.0 0.0008581788000000002
-0.045536374872 -0.3425 0.0 2.4682482000000207e-05 0.0 0.0
0.0 0.0 0.0 0.0 0.0 0.0
0.0 -0.5 0.0 2.5748279999998798e-05 0.0 0.0
0.0 0.0 0.0 0.0 0.0 0.0
0.0 0.0 0.0 0.0 0.0 0.0
0.0 0.0 0.0 0.0 0.0 0.0
0.0 0.0 0.0 0.0 0.0 0.0
0.0 0.0 0.0 0.0 0.0 0.0
0.0 0.0 0.0 0.0 0.0 0.0
0.0 0.0 0.0 0.0 0.0 0.0
0.0 0.0 0.0 0.0 0.0 0.0
0.0 0.0 0.0 0.0 0.0 0.0
0.0 0.0 0.0 0.0 0.0 0.0
0.0 0.0 0.0 0.0 0.0 0.0
0.0 0.0 0.0 0.0 0.0 0.0
0.0 0.0 0.0 0.0 0.0 0.0
0.0 0.0 0.0 0.0 0.0 0.0
0.0 0.0 0.0 0.0 0.0 0.0
0.0 0.0 0.0 0.0 0.0 0.0
0.0 0.0 0.0 0.0 0.0 0.0
0.0 0.0 0.0 0.0 0.0 0.0
0.0 0.0 0.0 0.0 0.0 0.0
0.0 0.0 0.0 0.0 0.0 0.0
0.0 0.0 0.0 0.0 0.0 0.0
0.0 0.0 0.0 0.0 0.0 0.0
0.0 0.0 0.0 0.0 0.0 0.0
0.0 0.0 0.0 0.0 0.0 0.0
0.0 0.0 0.0 0.0 0.0 0.0
0.0 0.0 47.00232730058927 0.016534290722919932 -0.04742529776650475 -0.016705048122000004
0.0 0.0 27.00368865290269 0.0 -0.0076947752961163815 -0.015877065960000002
1.1280691422743678 -0.037126799999999995 -0.5 -0.0855 -0.007617847766504743 -0.044839620000000004
0.0 0.0 2.996295386651223 0.0 0.0 0.0
0.055398274229937004 -0.051246589950000004 50.830999712579704 0.02856327248119309 -0.006925297766504743 -0.0315117945
1.2377016789100437 0.0 57.003616234271675 0.0540329178901639 -0.016462107335150043 0.054487796821218126
-2.657205000000001e-06 -0.13396402740014088 19.881627718571416 -0.0003645000000000001 -0.006925297766504743 -0.0076950000000000005
0.0 -0.004050000000000001 16.270085152776154 0.0 0.0 0.0
0.09529087232010146 -0.004050000000000001 7.339675200384843 0.0 -2.657205000000001e-07 0.0
0.0 0.0 0.0 0.0 0.0 0.0
0.004864340815716718 -0.045000000000000005 -0.95 -0.045000000000000005 0.0 -0.0037292400000000013
0.0 0.0 0.0 -0.00019371024450000007 -0.045000000000000005 0.0
-0.03001792756327201 0.7307112101184915 -0.9661621157309768 -0.009042324092155302 -0.01818615345755723 -0.07250556024040533
0.0 0.0 46.60236439499038 0.0 -0.0076950000000000005 -0.0003645000000000001
-0.040524458166658804 0.28992774412306005 48.596864458080745 0.0 0.014940449999999997 0.0
0.0 0.0 4.582527553333719 0.0 0.0 -0.007695000000000002
0.07410597756422285 -0.013179395535457095 49.12867071856607 0.5800355074789278 -0.010208012629582803 0.08439686779239658
-0.023464221874312033 0.16609014724878923 64.94375066751368 1.5178555069951407 -0.027906232995000002 -0.004590600481059526
-0.010225810979999996 -0.008418025440000003 34.43152061898711 -0.015168556551303006 -0.0076950000000000005 -0.0003645000000000001
0.0 0.0 7.454562395512769 0.0 0.0 -0.0003645000000000001
0.0 -0.023094720000000003 0.9877234310332178 0.17591092570698003 -0.0018683921750635908 -3.691495474200003e-06
0.0 0.0 1.2000000000000002 0.0 0.0 0.0
-0.0038896199999999986 0.0 7.195420970837381 0.7237755343857195 0.0 0.0
0.0 0.0 1.3297451412847323 0.0 0.0 0.0
0.0 0.0 0.0 0.0 0.0 0.0
0.0 0.0 0.0 0.0 0.0 0.0
0.0 0.0 0.0 0.0 0.0 0.0
0.0 0.0 0.0 0.0 0.0 0.0
0.0 0.0 0.0 0.0 0.0 0.0
0.0 0.0 0.0 0.0 0.0 0.0
0.0 0.0 0.0 0.0 0.0 0.0
0.0 0.0 0.0 0.0 0.0 0.0
0.0 0.0 0.0 0.0 0.0 0.0
0.0 0.0 0.0 0.0 0.0 0.0
0.0 0.0 0.0 0.0 0.0 0.0
0.0 0.0 0.0 0.0 0.0 0.0
0.0 0.0 0.0 0.0 0.0 0.0
0.0 0.0 0.0 0.0 0.0 0.0
0.0 0.0 0.0 0.0 0.0 0.0
0.0 0.0 0.0 0.0 0.0 0.0
0.0 0.0 0.0 0.0 0.0 0.0
0.0 0.0 0.0 0.0 0.0 0.0
0.0 0.0 0.0 0.0 0.0 0.0
0.0 0.0 0.0 0.0 0.0 0.0
0.0 0.0 0.0 0.0 0.0 0.0
0.0 0.0 0.0 0.0 0.0 0.0
0.0 0.0 0.0 0.0 0.0 0.0
0.0 0.0 0.0 0.0 0.0 0.0
0.0 -0.017617500000000008 7.7914599185869395 -0.5 -0.04050000000000001 -0.010975500000000001
0.0 -0.045000000000000005 5.106934854178542 -0.5 -0.10111452568803002 -0.03656217168
-0.038050297200000006 -0.00029524500000000013 3.463116232070031 -1.2966800000000003 -0.16309486034861798 -0.004050000000000001
-0.002818534872419998 0.0 12.398558621824666 0.0 0.0 -0.044000658000000005
-0.03674556469242001 -0.0021523360500000006 2.14521480195734 -0.95 -0.056853322566502315 -0.004050000000000001
-0.08550000000000002 -0.10903755465000001 7.765916915667911 -0.5834275876284722 -0.16853951723670005 -0.04032167374864413
-0.04905000000000001 -0.0657963 0.6557788921842994 -0.9154129303899861 0.007551588788099294 -0.048645
0.0 -0.003280500000000001 0.0 2.2800000000000002 0.0 -0.0027960342486441237
-0.03355029720000001 -0.003280500000000001 6.405289421734327 -0.4929218497326102 -0.10142297825320476 -0.010485029951820003
0.0 0.0 0.0 1.2000000000000002 0.0 0.0
-0.03366269566379999 -0.07695 0.0 -0.3425 2.774122020000001e-07 -0.020564716576655956
0.0 0.0 0.0 0.0 -4.289322640500001e-05 0.0
0.0 -0.0453645 0.0 -0.48020000000000007 -0.032851948631098575 0.024623680213905354
0.0 -0.0453645 0.0 -0.5 0.0 0.0
0.0 0.0 0.839595120476643 0.0 0.0 0.0
0.0 0.0 2.1492020855461553 0.0 0.0 0.0
0.0 0.0 0.0 0.0 0.0 0.0
0.0 0.0 0.0 -0.392 -0.0016454421302168434 -0.004050000000000001
0.0 0.0 0.9086544395108187 0.0 0.0 0.0
0.0 0.0 0.0 0.0 0.0 0.0
0.0 0.0 0.0 -0.5 -0.0016454421302168434 -0.004050000000000001
0.0 0.0 0.0 0.0 0.0 0.0
0.0 0.0 0.0 -0.5 0.0 -0.0855
0.0 0.0 0.0 0.0 0.0 0.0
0.0 0.0 0.0 0.0 0.0 0.0
0.0 0.0 0.0 0.0 0.0 0.0
0.0 0.0 0.0 0.0 0.0 0.0
0.0 0.0 0.0 0.0 0.0 0.0
0.0 0.0 0.0 0.0 0.0 0.0
0.0 0.0 0.0 0.0 0.0 0.0
0.0 0.0 0.0 0.0 0.0 0.0
0.0 0.0 0.0 0.0 0.0 0.0
0.0 0.0 0.0 0.0 0.0 0.0
0.0 0.0 0.0 0.0 0.0 0.0
0.0 0.0 0.0 0.0 0.0 0.0
0.0 0.0 0.0 0.0 0.0 0.0
0.0 0.0 0.0 0.0 0.0 0.0
0.0 0.0 0.0 0.0 0.0 0.0
0.0 0.0 0.0 0.0 0.0 0.0
0.0 0.0 0.0 0.0 0.0 0.0
0.0 0.0 0.0 0.0 0.0 0.0
0.0 0.0 0.0 0.0 0.0 0.0
0.0 0.0 0.0 0.0 0.0 0.0
0.0 0.0 0.0 0.0 0.0 0.0
0.0 0.0 0.0 0.0 0.0 0.0
0.0 0.0 0.0 0.0 0.0 0.0
0.0 0.0 0.0 0.0 0.0 0.0
0.0 0.0 0.0 0.0 0.0 0.0
0.12948929545121196 0.0 0.10886004286466255 0.08856876410407032 -2.7981775261635797 -0.0855
0.0 0.0 -0.037960108931503714 -0.0029409125450523058 -0.559117895 0.0
-0.036472362550920026 -0.06494583802822283 -0.0855 -0.01357516189008003 -1.355 -0.03070876050000001
0.0 0.0 0.3493334698799959 -0.04628364302665049 -0.4452061055 0.0
-0.07308015889815758 -0.11902090099792148 -0.07694775296116381 -0.045000000000000005 -0.5 -0.0855
-0.036472362550920026 -0.045000000000000005 -0.0855 -0.01925687406241359 -0.42139336955000006 -0.0855
-0.00047659140450000007 -0.0003645000000000001 0.6918121530935005 0.00019540952676945015 -2.04262925 -0.03429497763
0.0 -2.952450000000001e-06 -0.018282690335742702 -0.003019526748000001 -0.4255172301544824 0.0
0.4845114756390499 0.010439245774599456 0.0 0.00019540952676945015 0.10273283950000012 0.0
0.0 0.0 0.0 0.0 -0.5 0.0
-0.03473762427470839 -0.1491832727261988 -0.03324098250000002 -0.005857550118000016 -1.7195 -0.0006232950000000002
0.0 0.0 -0.045000000000000005 0.0 -0.4520368058 -0.0855
0.0 0.0 0.0 0.0 -0.5 0.0
0.0 0.0 0.0 0.0 0.0 0.0
0.0 0.0 0.0 0.0 0.0 -0.010975500000000001
0.0 0.0 0.0 0.0 -0.5 0.0
0.0 0.0 0.0 0.0 0.0 0.0
0.0 0.0 0.0 0.0 0.0 0.0
0.0 0.0 0.0 0.0 -0.5 0.0
0.0 0.0 0.0 0.0 0.0 0.0
0.0 0.0 0.0 0.0 0.0 -0.010975500000000001
0.0 0.0 0.0 0.0 0.0 0.0
0.0 0.0 0.0 0.0 0.0 0.0
0.0 0.0 0.0 0.0 0.0 0.0
0.0 0.0 0.0 0.0 0.0 0.0
0.0 0.0 0.0 0.0 0.0 0.0
0.0 0.0 0.0 0.0 0.0 0.0
0.0 0.0 0.0 0.0 0.0 0.0
0.0 0.0 0.0 0.0 0.0 0.0
0.0 0.0 0.0 0.0 0.0 0.0
0.0 0.0 0.0 0.0 0.0 0.0
0.0 0.0 0.0 0.0 0.0 0.0
0.0 0.0 0.0 0.0 0.0 0.0
0.0 0.0 0.0 0.0 0.0 0.0
0.0 0.0 0.0 0.0 0.0 0.0
0.0 0.0 0.0 0.0 0.0 0.0
0.0 0.0 0.0 0.0 0.0 0.0
0.0 0.0 0.0 0.0 0.0 0.0
0.0 0.0 0.0 0.0 0.0 0.0
0.0 0.0 0.0 0.0 0.0 0.0
0.0 0.0 0.0 0.0 0.0 0.0
0.0 0.0 0.0 0.0 0.0 0.0
0.0 0.0 0.0 0.0 0.0 0.0
0.0 0.0 0.0 0.0 0.0 0.0
0.0 0.0 0.0 0.0 0.0 0.0
0.0 0.0 0.0 0.0 0.0 0.0
0.0 0.0 0.0 0.0 0.0 0.0
0.0 0.0 0.0 0.0 0.0 0.0
1.8688790552051118 -0.043218000000000006 0.0 -0.039171406829742 -0.11205382500000001 -1.355
-0.0003280500000000001 -0.045000000000000005 -0.004050000000000001 -0.006925500000000001 -0.0903764945453579 -0.072075632
0.8811289662084056 -0.005783419845000001 0.0 0.006115160697480002 0.0 -1.355
0.0 0.0 0.9515627940243759 -0.030825000000000005 0.0 0.0
1.1089778068185594 -0.040407887569500006 -0.07730006580000001 -0.030825000000000005 -0.12195 0.345
1.7762831032702295 -0.08143628750550001 -0.004050000000000001 -0.010538501369443544 -0.0025065595192500017 -0.95
0.7266190014118363 -0.043218000000000006 -0.031067047207156924 0.0026077685695380026 -0.12195 -0.4062463519999999
0.24623680213905352 -0.045000000000000005 -0.0003356316000000001 0.0 0.0 -0.95
0.0 -0.0024624290024999884 0.0 -0.006925500000000001 -3.280500000000001e-05 -0.95
0.0 0.0 0.0 0.0 -0.12195 -0.5
0.0 -0.007108741845000002 0.08714454939304622 -0.003029642609741999 -0.154755 -0.33699199999999985
0.0 -0.007108741845000002 0.0 0.0 0.0 0.0
0.0 0.0 0.0 0.0 -0.004050000000000001 0.0
0.0 0.0 0.0 0.0 -0.004050000000000001 -0.5
0.0 0.0 0.0 0.0 0.0 0.0
0.0 0.0 0.0 0.0 0.0 0.0
0.0 0.0 0.0 0.0 0.0 -0.5
-0.045000000000000005 0.0 0.0 0.0 0.0 0.0
0.0 0.0 0.0 0.0 0.0 0.0
0.0 0.0 0.0 0.0 0.0 0.0
0.0 0.0 0.0 0.0 0.0 0.0
0.0 0.0 0.0 0.0 0.0 0.0
0.0 0.0 0.0 0.0 0.0 -0.5
0.0 0.0 0.0 0.0 0.0 0.0
