-2.374763837 -0.06176546435700001 0.0 -0.024180565500000004 42.932495062949386 -0.178790895
1.2000000000000002 0.0 5.296409692671109 -0.012766627080000004 -0.0003500658000000001 0.0
-0.03872874533000015 0.0 0.0 -0.08550000000000002 0.0 0.0
1.6843791393211323 0.0 0.0 0.0 -0.0002835532980000001 0.057868894799999994
-0.5 0.0 6.166808596968766 -0.03528 0.0 0.0
-0.05418489730593212 -0.043218000000000006 5.078298526707343 -0.027630928266319268 -0.0002835532980000001 -0.14535520496092785
-0.5 -0.029365399800000004 0.0 0.0 0.0 -0.12788376812172003
-0.5 0.0 0.0 0.0 7.195048981766384 -0.11376954468000003
-0.502985255 0.0 5.753257380869938 -0.04049052972138 0.0 0.0
2.2800000000000002 -0.043218000000000006 8.31253226120371 -0.003280500000000001 0.0 0.0
-0.9536450000000001 -0.043218000000000006 0.0 -0.0404923290743178 -0.0855 0.0
-0.5 0.0 0.0 0.0 0.0 0.057868894799999994
-0.92888635208 1.830788258895651 0.0 0.0 0.0 0.0
2.6138580728390273 0.0 0.0 0.0 0.0031677729581859257 -0.046005892343999995
-0.95 0.0 0.0 0.0 0.0 0.0
3.5232719682000004 0.0 0.0 0.0 0.0 0.0
0.0 0.0 0.0 0.0 0.6119642995961749 0.0
0.0 0.0 0.0 0.0 1.1411582400000002 0.003550814438482801
-0.95 1.185764052584127 0.0 0.0 0.0 0.0
-0.5 0.0 0.3060061755400122 0.0 0.0 -0.003280500000000001
0.0 0.0 0.0 0.0 0.0 0.0
6.238478191494284 0.0 0.0 0.0 0.0 0.0
-0.5 0.0 0.0 0.0 0.0 0.0
1.2000000000000002 0.0 0.0 0.0 0.0 -0.004050000000000001
0.0 0.0 0.0 0.0 0.0 0.0
0.0 0.0 0.0 0.0 0.0 0.0
0.0 0.0 0.0 0.0 0.0 0.0
0.0 0.0 0.0 0.0 0.0 0.0
0.0 0.0 0.0 0.0 0.0 0.0
0.0 0.0 0.0 0.0 0.0 0.0
0.0 0.0 0.0 0.0 0.0 0.0
0.0 0.0 0.0 0.0 0.0 0.0
0.0 0.0 0.0 0.0 0.0 0.0
0.0 0.0 0.0 0.0 0.0 0.0
0.0 0.0 0.0 0.0 0.0 0.0
0.0 0.0 0.0 0.0 0.0 0.0
0.0 0.0 0.0 0.0 0.0 0.0
0.0 0.0 0.0 0.0 0.0 0.0
0.0 0.0 0.0 0.0 0.0 0.0
0.0 0.0 0.0 0.0 0.0 0.0
0.0 0.0 0.0 0.0 0.0 0.0
0.0 0.0 0.0 0.0 0.0 0.0
0.0 0.0 0.0 0.0 0.0 0.0
0.0 0.0 0.0 0.0 0.0 0.0
0.0 0.0 0.0 0.0 0.0 0.0
0.0 0.0 0.0 0.0 0.0 0.0
0.0 0.0 0.0 0.0 0.0 0.0
0.0 0.0 0.0 0.0 0.0 0.0
-0.007695000000000002 -0.48020000000000007 0.0 -0.02196572649299997 0.0 -0.03528
0.0 4.322278679603594 0.0 -0.004050000000000001 0.0 0.0
0.0 -0.5 0.0 0.09622800000000004 7.958897875583201 0.0
0.0 1.199856384307175 0.0 -0.0036450000000000007 0.0 -0.018768105000000004
0.0 -0.545 0.0 0.0 8.066835205120643 -0.027082439934583504
0.0 5.774216264845832 0.0 0.0 0.0 0.0
0.0 -1.7116268000000001 0.0 -0.00854384400000003 0.0 -0.006925500000000001
0.0 -0.94133948 2.794934120394924 0.0 0.0 -0.006925500000000001
-0.04050000000000001 -0.5 0.67903281544429 -0.004050000000000001 0.0 0.0
0.0 6.627460894004765 0.0 0.0 0.0 -0.006925500000000001
-0.0855 -1.346252 0.0 -0.004050000000000001 1.1664045182104168 -0.006925500000000001
0.0 0.0 0.0 0.0 0.0 0.0
0.0 0.0 0.0 0.0 0.0 0.0
0.0 0.0 0.013018997188210682 -3.150592200000001e-05 0.0 -2.391484500000001e-07
-2.5519796820000008e-05 -0.9321800000000001 0.011717097469389613 -0.045000000000000005 10.823497201583338 -8.015260976824053e-05
0.0 11.36870538541071 0.0 -5.048689500000003e-07 0.0 -2.973973360500001e-05
0.5991355678233249 -0.5 0.0 0.0 0.0 0.0
0.0 12.625319614916062 0.0 0.0 0.0 -8.224315195500003e-07
0.0 -0.5011842605 0.0 0.0 0.0 -0.0855
0.0 3.859123089333134 -0.04050000000000001 0.0 0.0 -3.280500000000001e-05
0.3378285506943819 -0.5 0.0 -3.150592200000001e-05 0.0 0.0
0.0 9.558725748566573 0.0 0.0 0.0 0.0
0.0 -0.2781810320000001 0.0 0.0 0.0 -5.9377050000000015e-05
0.0 1.2000000000000002 0.0 0.0 0.0 -0.045000000000000005
0.0 0.0 0.0 0.0 0.0 0.0
0.0 0.0 0.0 0.0 0.0 0.0
0.0 0.0 0.0 0.0 0.0 0.0
0.0 0.0 0.0 0.0 0.0 0.0
0.0 0.0 0.0 0.0 0.0 0.0
0.0 0.0 0.0 0.0 0.0 0.0
0.0 0.0 0.0 0.0 0.0 0.0
0.0 0.0 0.0 0.0 0.0 0.0
0.0 0.0 0.0 0.0 0.0 0.0
0.0 0.0 0.0 0.0 0.0 0.0
0.0 0.0 0.0 0.0 0.0 0.0
0.0 0.0 0.0 0.0 0.0 0.0
0.0 0.0 0.0 0.0 0.0 0.0
0.0 0.0 0.0 0.0 0.0 0.0
0.0 0.0 0.0 0.0 0.0 0.0
0.0 0.0 0.0 0.0 0.0 0.0
0.0 0.0 0.0 0.0 0.0 0.0
0.0 0.0 0.0 0.0 0.0 0.0
0.0 0.0 0.0 0.0 0.0 0.0
0.0 0.0 0.0 0.0 0.0 0.0
0.0 0.0 0.0 0.0 0.0 0.0
0.0 0.0 0.0 0.0 0.0 0.0
0.0 0.0 0.0 0.0 0.0 0.0
0.0 0.0 0.0 0.0 0.0 0.0
0.0 -0.04905000000000001 12.74822629858776 0.0 0.0 0.0
0.0 0.0 1.612768249411701 0.0 0.0 0.0
0.0 0.0 1.552 0.0 0.0 0.0
0.0 0.0 0.0 0.0 0.0 0.0
0.0 0.0 63.39691964765445 0.0 0.0 -0.007724524500000002
0.0 0.0 68.94424544905195 0.0 0.06910146737163231 -0.029524500000000006
0.0 -0.04905000000000001 -0.5 0.36145590987900217 0.0 0.0
0.0 0.0 28.12343530982956 0.0 0.0 0.0
-0.08550000000000002 -0.06733468960725493 -0.5 -0.06381957140573646 8.951769393451011 -0.08230426700536549
0.0 -0.04375119336615 4.0722134605784435 0.0 0.0 -0.007724524500000002
0.0 0.0 12.289487152582577 0.0 0.0 0.0
0.0 0.0 1.2000000000000002 0.0 0.0 0.0
0.0 0.0 35.8084783283977 0.0 0.0 0.0
0.0 4.355145153048656 0.0 0.0 0.0 0.0
0.0 0.0 21.075038543726627 0.0 0.0 0.0
0.14465552431345202 0.0 12.674103873436795 0.0 0.0 0.0
0.33878443538030556 0.0 65.92559989713743 0.0 0.0 0.0
0.2389084686905804 0.09786836080560357 74.74983205468138 0.054675 0.8821652659948545 0.030829062524294522
0.0 0.0 38.04345758952 0.0 0.0 0.0
0.0 0.0 46.50652141152734 0.0 0.0 0.0
-0.004388976681780502 0.0 64.69621233377065 0.0 0.0 0.0
0.0 0.0 25.710648528360846 0.0 0.0 0.0
0.10800000000000004 0.11269800000000003 23.462243925324664 0.0 0.0 0.0
0.0 0.0 -0.5 0.0 0.0 0.0
0.0 0.0 0.0 0.0 0.0 0.0
0.0 0.0 0.0 0.0 0.0 0.0
0.0 0.0 0.0 0.0 0.0 0.0
0.0 0.0 0.0 0.0 0.0 0.0
0.0 0.0 0.0 0.0 0.0 0.0
0.0 0.0 0.0 0.0 0.0 0.0
0.0 0.0 0.0 0.0 0.0 0.0
0.0 0.0 0.0 0.0 0.0 0.0
0.0 0.0 0.0 0.0 0.0 0.0
0.0 0.0 0.0 0.0 0.0 0.0
0.0 0.0 0.0 0.0 0.0 0.0
0.0 0.0 0.0 0.0 0.0 0.0
0.0 0.0 0.0 0.0 0.0 0.0
0.0 0.0 0.0 0.0 0.0 0.0
0.0 0.0 0.0 0.0 0.0 0.0
0.0 0.0 0.0 0.0 0.0 0.0
0.0 0.0 0.0 0.0 0.0 0.0
0.0 0.0 0.0 0.0 0.0 0.0
0.0 0.0 0.0 0.0 0.0 0.0
0.0 0.0 0.0 0.0 0.0 0.0
0.0 0.0 0.0 0.0 0.0 0.0
0.0 0.0 0.0 0.0 0.0 0.0
0.0 0.0 0.0 0.0 0.0 0.0
0.0 0.0 0.0 0.0 0.0 0.0
-0.04362257118912677 -0.15761268000000003 -0.045000000000000005 -0.3425 0.0 0.0
0.0 -0.0076950000000000005 0.0 0.0 0.008645837967539908 0.0
0.0 -0.045000000000000005 3.087804714196286 -0.047462000000000115 0.0 0.0
0.0 0.0 0.0 0.0 0.0 0.0
0.0 0.0 0.0 -0.33342158870175287 0.0 -0.045000000000000005
-0.0906002767763748 -0.0005609655000000001 0.0 2.3226110774376485 0.0 0.0
0.0 0.0 5.183025057310127 -0.5 0.0 -0.00032798786550197425
0.0 0.0 0.0 4.768423655946446 0.0 0.0
0.0 0.0 0.0 -0.5 4.332281667404767 0.0
0.0 0.0 4.8010668552047155 0.0 0.0 0.0013860893311042144
-0.0026428859820000006 0.0 0.0 -1.355 4.775197878545246 -0.04050000000000001
0.0 0.0 0.0 3.1260000000000003 0.0 0.0
0.0 0.0 0.0 -0.392 4.49901373035753 0.0
0.0 -0.003645000000000001 0.0 0.0 0.0 0.0
0.0657709656225732 -2.952450000000001e-06 0.0 -0.5 0.0 0.0
-0.045000000000000005 -2.952450000000001e-06 0.0 -0.5 -0.0003500658000000001 0.0
-0.045000000000000005 -0.0847205532 15.498228968724034 -0.5 -0.0003150592200000001 -0.08455403502
-0.010239259021200004 -0.0005609655000000001 0.0 2.72505 -0.0003500658000000001 0.0
0.0 -0.04050000000000001 0.0 -0.95 8.288413434383402 -0.045000000000000005
-0.039791799468 -0.004050000000000001 0.0 -0.95 0.0 0.12608671520724418
0.0 0.0 0.0 1.0299483349534893 0.0 0.0
0.0 0.0 0.0 -0.5 8.822161744047271 -0.0855
0.0 0.0 0.0 1.3368018133578503 0.0 0.0
0.0 0.0 0.0 0.0 0.0 0.0
0.0 0.0 0.0 0.0 0.0 0.0
0.0 0.0 0.0 0.0 0.0 0.0
0.0 0.0 0.0 0.0 0.0 0.0
0.0 0.0 0.0 0.0 0.0 0.0
0.0 0.0 0.0 0.0 0.0 0.0
0.0 0.0 0.0 0.0 0.0 0.0
0.0 0.0 0.0 0.0 0.0 0.0
0.0 0.0 0.0 0.0 0.0 0.0
0.0 0.0 0.0 0.0 0.0 0.0
0.0 0.0 0.0 0.0 0.0 0.0
0.0 0.0 0.0 0.0 0.0 0.0
0.0 0.0 0.0 0.0 0.0 0.0
0.0 0.0 0.0 0.0 0.0 0.0
0.0 0.0 0.0 0.0 0.0 0.0
0.0 0.0 0.0 0.0 0.0 0.0
0.0 0.0 0.0 0.0 0.0 0.0
0.0 0.0 0.0 0.0 0.0 0.0
0.0 0.0 0.0 0.0 0.0 0.0
0.0 0.0 0.0 0.0 0.0 0.0
0.0 0.0 0.0 0.0 0.0 0.0
0.0 0.0 0.0 0.0 0.0 0.0
0.0 0.0 0.0 0.0 0.0 0.0
0.0 0.0 0.0 0.0 0.0 0.0
0.0 0.0 0.0 0.0 0.0 0.0
0.0 0.0 0.0 0.0 33.028924113598926 0.0
0.0 0.0 0.8004264828571215 0.0 0.0 0.0
0.0 0.0 0.0 0.0 20.70272984839489 0.0
0.0 0.0 0.4253431277812832 0.0 0.0 0.0
-0.0036441476749242002 -0.045000000000000005 -0.005743761426516282 -0.045000000000000005 -0.2677059180929744 -0.01353692476050198
0.0 0.0 0.0 0.0 9.149118535611134 0.0
0.0 0.0 0.0 0.0 7.666642974614701 -0.011002072050000002
0.0 0.0 0.0 0.0 10.997508484413446 0.0
0.20044966515523793 -0.029668308082271753 33.27456886142841 -0.045000000000000005 -0.5 -0.008865592200000001
0.0 0.0 0.0 0.2661309346894191 39.5807627911444 -0.007695000000000002
-0.0036441476749242002 -0.0036450000000000007 0.0 0.17248240237966567 0.0 0.0
0.0 -0.004050000000000001 0.0 0.0 0.0 0.0
-0.0022967817138000004 0.2635699885155 0.0 0.0 50.09803193752879 0.0
0.0 0.0 1.7084172383496055 0.03519747731317695 10.163018932678712 0.0
0.0 0.0 0.0 0.0 29.1883483842659 0.0
0.0 0.0 0.0 0.0 23.82394601266967 0.0
0.0 0.0 -0.0006952072050000003 0.0 35.981470206294006 0.0
0.0 0.0 0.0 0.0 21.296411885235475 0.0
0.0 0.0 0.0 0.0 26.468188579720373 0.09606486630599896
-0.0031505922000000007 0.0 0.8625756784029068 0.0 30.330096072730964 0.0
0.0 0.0 0.0 0.3346478028128423 37.394327718463714 1.0856642966790397
0.0 0.0 0.0 0.9628848161958716 46.18124746642687 1.2104599246358125
0.0 0.0 0.3945349376092 0.0 20.880589257216904 0.0
0.0 0.0 0.0 0.0 3.520574860612922 0.0
0.0 0.0 0.0 0.0 0.0 0.0
0.0 0.0 0.0 0.0 0.0 0.0
0.0 0.0 0.0 0.0 0.0 0.0
0.0 0.0 0.0 0.0 0.0 0.0
0.0 0.0 0.0 0.0 0.0 0.0
0.0 0.0 0.0 0.0 0.0 0.0
0.0 0.0 0.0 0.0 0.0 0.0
0.0 0.0 0.0 0.0 0.0 0.0
0.0 0.0 0.0 0.0 0.0 0.0
0.0 0.0 0.0 0.0 0.0 0.0
0.0 0.0 0.0 0.0 0.0 0.0
0.0 0.0 0.0 0.0 0.0 0.0
0.0 0.0 0.0 0.0 0.0 0.0
0.0 0.0 0.0 0.0 0.0 0.0
0.0 0.0 0.0 0.0 0.0 0.0
0.0 0.0 0.0 0.0 0.0 0.0
0.0 0.0 0.0 0.0 0.0 0.0
0.0 0.0 0.0 0.0 0.0 0.0
0.0 0.0 0.0 0.0 0.0 0.0
0.0 0.0 0.0 0.0 0.0 0.0
0.0 0.0 0.0 0.0 0.0 0.0
0.0 0.0 0.0 0.0 0.0 0.0
0.0 0.0 0.0 0.0 0.0 0.0
0.0 0.0 0.0 0.0 0.0 0.0
0.0 0.0 3.3559343187266206 0.0 0.0 -2.3392441855615176
0.0 -0.03280500000000001 0.0 0.0 0.03945349376092001 -0.48755892343999996
0.0 -0.07695 0.0 0.5885663439182047 0.0 -0.5
0.0 -2.657205000000001e-06 6.227073288533866 0.0 -0.0003280500000000001 -0.95
-0.08582805000000002 -0.12116268000000002 0.0 0.0 0.02588543725653962 -0.95
0.0 0.0 0.0 0.7988414472371748 0.0 -0.5
-0.0036443096166886026 0.0 0.812506688689243 -0.10808910668895787 0.0 -0.5
0.0 0.0 2.90606907691693 0.0 0.0 -0.95295245
-0.15041027511668864 -0.0006925500000000001 0.0 -0.12195 -0.045000000000000005 -0.09850658000000001
-0.08493947790743178 0.0 0.0 0.0 5.595618914150724 -0.31000658000000003
0.0 -0.03280500000000001 0.0 0.13013194866052827 0.03195732994634521 -0.33455922000000027
0.0 -2.657205000000001e-06 0.010142820000000004 -0.12195 0.0 -0.05755657999999997
-0.045000000000000005 0.0 0.0 0.0 0.0 0.0
0.0 0.0 0.0 0.0 0.0 -0.5051800922
0.0 0.0 0.0 0.0 0.0 -0.392
0.0 0.0 0.0 0.0 0.0 0.0
0.0 0.0 0.0 0.0 0.0 0.0
0.0 0.0 0.0 0.0 0.0 -0.3425
0.0 0.0 0.0 0.0 0.0 0.0
0.0 0.0 0.0 0.0 0.0 -1.355
0.0 0.0 0.0 0.0 0.0 0.0
0.0 0.0 0.0 0.0 0.0 0.0
0.0 0.0 0.0 0.0 0.0 0.1698199078
0.0 0.0 0.0 0.0 0.0 -0.392
0.0 0.0 0.0 0.0 0.0 0.0
0.0 0.0 0.0 0.0 0.0 0.0
0.0 0.0 0.0 0.0 0.0 0.0
0.0 0.0 0.0 0.0 0.0 0.0
0.0 0.0 0.0 0.0 0.0 0.0
0.0 0.0 0.0 0.0 0.0 0.0
0.0 0.0 0.0 0.0 0.0 0.0
0.0 0.0 0.0 0.0 0.0 0.0
0.0 0.0 0.0 0.0 0.0 0.0
0.0 0.0 0.0 0.0 0.0 0.0
0.0 0.0 0.0 0.0 0.0 0.0
0.0 0.0 0.0 0.0 0.0 0.0
0.0 0.0 0.0 0.0 0.0 0.0
0.0 0.0 0.0 0.0 0.0 0.0
0.0 0.0 0.0 0.0 0.0 0.0
0.0 0.0 0.0 0.0 0.0 0.0
0.0 0.0 0.0 0.0 0.0 0.0
0.0 0.0 0.0 0.0 0.0 0.0
0.0 0.0 0.0 0.0 0.0 0.0
0.0 0.0 0.0 0.0 0.0 0.0
0.0 0.0 0.0 0.0 0.0 0.0
0.0 0.0 0.0 0.0 0.0 0.0
0.0 0.0 0.0 0.0 0.0 0.0
0.0 0.0 0.0 0.0 0.0 0.0
