-0.965795 -0.026572050000000007 20.297227956348713 0.0 0.2334023453413553 -0.1412828325
0.0 0.0 5.929333222959435 -0.1288755 -0.03675904248635818 -0.004050000000000001
-0.5032805 0.0 10.064660994342415 -0.045000000000000005 0.0 -0.144785925
4.78845191804344 0.0 0.0 0.02861480520000001 0.0 0.0
0.0 0.0 0.0 0.0 -0.013571600209393051 0.0
1.7413189614296694 0.0 0.0 -0.12294100255500001 0.16746980445 0.0
-1.4537795 -0.0018768105000000006 -0.004050000000000001 -0.0085840155 0.5811074019606387 -0.0032805000000000004
0.0 0.0 0.0 -0.09319500000000001 0.0 -0.004050000000000001
-0.14315094499999992 -0.10061187139357225 0.0 0.0 1.0294253181685553 -0.144785925
4.607117832773625 0.0 0.0 0.0 0.0 0.0
-0.95 -0.0009877950000000003 6.095822601761707 -0.1288755 0.0 -0.1402180875
0.0 0.00023177992212000014 0.0 0.0 0.0 -0.006925500000000001
-1.355 0.0 0.0 -0.045000000000000005 7.570156491898513 0.0
-0.5 0.3508920000000001 0.0 0.0 -0.004050000000000001 0.0
0.0 0.0 0.0 0.0 1.8122776177631306 0.0
3.845758000000001 0.0 0.0 0.0 0.0 0.0
-0.5 0.0 0.0 0.0 0.0 0.0
-0.5 0.0 0.0 0.0 0.0 0.0
0.8603500000000003 0.0 0.0 -0.045000000000000005 0.0 0.0
3.2070000000000003 0.0 0.0 0.0 0.0 0.0
0.0 0.0 0.0 0.0 8.832827373923857 0.0
0.0 0.0 0.0 0.0 0.0 0.0
0.0 0.0 0.0 0.0 0.7318869919692493 0.0
0.0 0.0 0.0 0.0 0.0 -0.011281639500000003
-1.145915875374122 0.0 13.469971911227267 0.0 0.0 -0.144785925
0.0 0.00023177992212000014 0.0 0.0 0.0 0.0
0.0 -0.045000000000000005 0.0 -0.045000000000000005 0.13312886176227767 0.0
0.49307845000000006 0.0 -0.004050000000000001 -0.1288755 0.0 0.0
-0.5 0.0 0.0 0.0 0.20521482958764192 -0.0036450000000000007
2.4803656050000003 0.0 0.0 0.0 0.0 0.10800000000000004
-0.5 -0.0009877950000000003 0.0 0.0 -0.03675904248635818 -0.004050000000000001
2.2800000000000002 0.0 0.0 0.0 0.0 0.0
-0.5 0.0 0.0 0.0 0.0 -0.000466614010121323
-0.62195 0.04007740523814267 0.0 0.0 0.0 0.0
-0.5 0.0 0.0 -0.045000000000000005 0.0 -0.008922336705
0.0 0.0 0.0 0.0 0.0 0.0
-0.5 0.0 0.0 0.0 0.0 0.0
0.0 0.0 0.0 0.0 0.0 0.0
-0.5003645 0.0 0.0 0.0 0.0 0.0
0.0 0.0 0.0 0.0 0.0 0.0
0.0 0.0 0.0 0.0 0.0 0.0
0.0 0.0 0.0 0.0 0.0 0.0
0.0 0.0 0.0 0.0 0.0 0.0
-0.5 0.0 0.0 0.0 0.0 0.0
0.0 0.0 0.0 0.0 0.0 0.0
-0.5 0.0 0.0 0.0 0.0 0.0
-0.5003645 0.0 0.0 0.0 0.0 0.0
0.0 0.0 -0.004050000000000001 0.0 0.0 0.0
0.0 -1.72355 0.0 0.0 -0.010975500000000001 0.0
0.0 3.280378625148625 0.0 0.0 0.0 0.0
0.0 -0.95 0.0004729841924537722 -0.04050000000000001 0.0 0.0
0.0 6.176055982889464 0.0 0.0 0.0 0.0
0.0 -0.5 0.0 0.0 -0.04050000000000001 -0.08914500000000002
-0.004050000000000001 -0.5 0.009814652388000002 -0.0036450000000000007 0.0 -0.08023050000000001
-0.004050000000000001 -0.06349999999999989 0.0 0.0 0.0 0.0
0.0 2.3098596550077692 0.0 0.0 0.0 0.0
0.0 -0.95 0.0 -0.011775613950000001 0.9202790830148917 -0.08023050000000001
0.0 7.348896018200284 0.0 0.013948200000000003 0.09720000000000004 -0.004050000000000001
0.0 -0.95 0.0 -0.0024465731635355537 1.290359982637438 0.0
0.0 0.0 0.0 0.0 0.0 0.0
0.0025753324680000012 0.0 0.0 1.2470528506549985 0.0 0.0
0.0 0.0 0.0 0.6281347702882999 0.0 0.0
0.0 0.0 0.0 0.0 9.972646846590752 0.0
0.0 7.030451073698065 -0.004050000000000001 0.0 0.0 0.0
0.0 2.6257304632 0.0 0.0 0.0 0.0
0.0 -0.5 0.0 0.0 0.0 -0.0017226962999999929
0.0 -0.95 0.0 0.0 2.4254881064542064 0.039315005999999986
0.0 0.0 0.0 0.3174589573477647 0.0 0.0
3.0909305945998873 0.0 0.0 0.0 0.0 -0.019352103300000017
0.0 7.6511998502821985 0.0 0.5742134262 0.0 0.0
0.255387445104645 -0.95 0.0 0.0 0.0 0.0
0.0 0.0 0.0 0.0 0.0 0.0
-0.045295245000000005 0.0 0.0 0.0 0.0 0.0
0.0 1.2000000000000002 0.0 0.0 0.0 0.0
-0.014423638622305744 -0.5 0.0 -0.045000000000000005 0.0 0.0
0.0 3.2448405000000005 0.0 0.0 0.0 0.0
0.0 -0.5 0.0 -0.045000000000000005 0.7028607020647254 0.0
0.0 -0.9950000000000001 0.0 0.0 0.0 0.0
-0.004050000000000001 -0.95 0.0 0.0 0.0 0.0
0.0 -0.5 0.0 0.0 1.2630834350301616 -0.004050000000000001
0.0 0.0 0.0 0.0 0.0 0.0
0.09100468270930981 0.0 0.0 -0.028711308943836285 -0.0032610154343489153 -0.0076950000000000005
0.0 -0.5 0.0 0.0 -2.952450000000001e-06 0.0
0.0 0.0 0.0 0.0 0.0 0.0
0.0 0.0 0.0 0.0 0.0 0.0
0.0 0.0 0.0 0.0 0.0 0.0
0.0 -0.5 0.0 0.0 5.107484479855476 0.0
0.0 2.9581700755974873 0.0 0.0 0.0 0.0
0.0 -0.5 0.0 0.0 0.0 0.0
0.0 -0.5 0.0 0.0007085880000000002 0.0 0.0
0.0 -0.5 0.0 0.0 0.0 0.0
0.0 0.0 0.0 0.0 0.0 -0.03405123000000001
0.0 0.0 0.0 0.0 0.0 0.0
0.0 4.648776242575337 0.0 0.0 0.0 0.0
0.0 0.0 0.0 0.5575577938372218 0.0 0.0
0.0 0.0 0.0 0.0 0.0 0.0
0.0 0.0 19.124144543759538 0.0007873200000000004 0.0013668750000000003 -0.01193967576541125
0.0 0.0 4.757317123590876 0.0 0.0 0.0
0.0 0.1515708 0.0 0.0 0.0 0.0
0.0 0.0 0.0 0.0 -2.952450000000001e-06 0.0
0.0 -0.045000000000000005 26.052791551867802 0.0 0.0 0.0
0.0 0.0 35.20778301209254 0.0007085880000000003 0.16051159448136468 -0.06211081313539436
0.0 0.0 1.2000000000000002 0.0 0.0 0.0
0.0 0.0 8.74394014905759 0.0 0.0 0.0
0.0 0.0 6.946265262959237 0.0 0.0 0.0
0.0 0.0 19.755089805930314 0.0 0.0 0.0
0.0 -0.004050000000000001 -0.95 0.0 -0.0020136299854500005 0.0
-0.045000000000000005 0.0 0.0 0.0 0.0 0.0
0.0 0.0 28.85763733398536 -0.0018751371210000015 -0.04050000000000001 0.0
-0.045000000000000005 0.0 0.0 0.0 3.4592322823545505 0.0
0.016746980445 0.0 0.0 0.0 9.691683781586317 0.0
0.0 -0.045000000000000005 -0.5 0.7786014672147544 0.0 0.0
0.0 0.0 31.319694002538178 0.0 0.0 -0.09847336050000001
0.0 -0.08266860000000002 30.520403913061187 -0.004785068560500001 1.5061493631158962 -0.049722709819050005
0.009720000000000005 0.0 -0.95 -0.0076950000000000005 -1.2696914975130013e-06 0.0
0.0 -0.045000000000000005 19.897640223261824 0.0 0.08748000000000003 -0.013927950000000001
0.0 -0.0006561000000000002 -0.5 1.2891042983817547 0.0 -0.12195
0.0 -0.045000000000000005 25.180993344548618 0.16875 0.0 0.0
0.0 -0.0006232950000000002 -1.7195 1.2905766662936309 0.0 0.0
-0.0007725613950000001 0.0 0.0 0.0 0.0 0.0
0.0 -0.003645000000000001 -0.5 0.0 0.0 0.0
0.0 0.0 1.2000000000000002 0.0 0.0 0.0
0.0 0.0 0.0 0.0 0.0 0.0
0.0 0.0 2.2800000000000002 0.0 0.0 0.0
0.0 0.0 13.73698972311325 0.0 0.0 0.0
0.0 0.0 31.969313362997305 0.0 0.0 0.0
0.0 0.0 -0.5 0.0 0.0 0.0
0.0 0.0 0.0 0.0 0.0 0.0
0.0 0.0 0.0 0.0 0.0 0.0
0.0 0.0 7.416337424379748 0.0 -2.952450000000001e-06 0.0
0.0 0.0 0.0 0.0 0.0 0.0
0.0 0.0 0.0 0.0 0.0 0.0
0.0 0.0 0.0 -0.045000000000000005 -0.004050000000000001 0.0
0.0 0.0 0.0 0.0 0.0 0.0
0.0 0.0 0.0 0.0 0.0 0.0
0.0 0.0 0.0 0.0 0.0 0.0
0.0 0.0 0.0 2.096303905042513 0.0 0.0
0.0 0.0 0.428845473932012 0.0 15.35206160491063 -0.12195
0.0 0.0 4.530494574219327 0.0 0.0 0.0
0.0 0.0 8.231962229331833 0.0 0.0 0.0
0.0 0.0 8.28436940601783 0.0 0.0 0.0
0.0 0.0 8.265922269053469 0.0 0.0 0.0
0.0 0.0 -0.5 0.0 0.0 0.0
0.0 0.0 0.0 0.0 0.0 0.0
-0.09537795 0.0 0.0 -1.43195 1.350679406180269 0.0
0.0 -0.082315484514 0.0 -0.09225500000000009 0.0 0.0
-0.11812063950000001 0.0 -0.0855 -0.5 -0.04050000000000001 0.0
-0.004417561395000001 0.0 0.0 6.072441093781496 0.0 0.0
0.0 0.0 -0.0855 0.0 0.0 0.0
-0.0007725613950000001 -0.06925500000000001 0.0 5.254544746606133 0.0 0.0
-0.11802186 -0.0855 0.0 -0.8060456838585712 0.0 -0.0855
-0.04534015500000001 -0.034013970000000004 0.0 -0.5 2.2563143573396447 -0.045000000000000005
-0.0003645000000000001 0.0 0.0 -0.36979700000000004 3.395291992621801 0.0
-0.22373666505000003 -0.0855 -0.0855 -0.6097691620218925 1.5726384392321537 -0.0855
-0.0003280500000000001 0.0 0.0 -0.5 0.8398288007377346 0.0
0.0 0.0 0.0 0.0 0.0 0.0
0.0 0.0 0.3179422800000001 2.69285983434283 0.0 0.0
0.0 0.0 0.0 -0.5 0.0 0.0
0.0 1.2758211501470227 0.0 -0.5 0.0 0.0
-0.0003645000000000001 0.0 0.7276349158659126 -0.2139169999999999 0.0 0.0
0.0 0.0 0.3563565475739451 0.0 0.0 0.0
0.0 0.0 4.753933710219936 -0.07922197431997713 0.0 0.0
0.0 2.1859902899923647 0.0 0.345 0.0 0.0
0.0 0.0 0.0 -1.730594247863 -0.004050000000000001 0.0
-0.0003280500000000001 0.0 0.0 -0.5 0.0 0.0
0.0 0.0 0.0 1.7589590659230971 0.0 0.0
0.0 1.8820181024037543 0.0 0.0 0.0 0.0
0.0 0.0 0.0 0.0 0.0 0.0
0.0 0.0 0.0 0.0 0.0 0.0
0.0 0.0 0.0 0.0 0.0 0.0
0.0 0.0 0.0 -0.4320072719102016 0.0 0.0
0.0 0.0 0.0 0.0 0.0 0.0
0.0 0.0 0.0 0.0 0.0 0.0
-0.004050000000000001 0.0 -0.05316742845000001 2.103218047289495 0.0 0.0
-0.10477936013580001 0.0 0.0 -0.5 0.0 0.0
0.0 -0.07613205329700001 0.0 -0.5 0.0 0.0
0.0 -0.005714999999999991 0.0 0.0 0.0 0.0
0.0 -0.07496999999999998 0.0 -0.5108045683858571 0.0 0.0
-0.130840155 0.0 0.0 -0.5 0.0 0.0
0.0 0.0 0.0 0.0 0.0 0.0
0.0 0.0 0.0 0.0 0.0 0.0
0.0 0.0 0.0 0.0 0.0 0.0
0.0 0.0 0.0 0.0 0.0 0.0
0.0 0.0 0.0 1.04424651769233 0.0 0.0
0.0 0.0 0.0 0.0 0.0 0.0
0.10800000000000004 0.0 0.0 0.0 0.0 0.0
0.0 0.0 0.7957041946972259 0.0 0.0 0.0
0.0 0.0 0.0 0.0 0.0 0.0
0.0 0.0 0.0 0.0 0.0 0.0
0.0 0.007085880000000004 0.0 0.0 0.0 0.0
0.0 0.0 0.0 1.5070000000000001 0.0 0.0
0.0 0.0 0.0 0.0 0.0 0.0
0.0 0.0 -3.280500000000001e-05 0.0 5.805570769173126 0.0
-0.045000000000000005 0.0 0.0 -0.045000000000000005 4.01152290568428 -0.004050000000000001
-0.01833642097010408 -0.03623350482609905 0.0 -3.280500000000001e-05 -0.5 -0.08586450000000001
0.0 -0.0832706615275958 -0.010975500000000001 0.0 0.0 0.0
-0.013030733250000003 0.0 0.0 -3.280500000000001e-05 0.0 0.0
-0.013030733250000003 0.0 0.0 0.0 5.5109489614995635 -0.045000000000000005
0.037663648842600025 0.0 -0.03645000000000001 0.0 -0.48020000000000007 0.0
0.0 0.0 0.26388883764036203 0.0 0.0 0.0
0.0 0.0 0.0 0.0 8.78956340323811 -0.004050000000000001
0.0 0.0 0.0 0.027022009394405258 12.70777904826613 -0.006925500000000002
0.0 0.0 0.0 0.0 3.49212 0.0
0.0 0.0 0.0 0.0 0.0 0.0
0.0 0.0 11.13811332235266 -0.03205061986905 -0.4084338054039798 -0.12195
0.0 0.016621200000000006 0.0 0.0 24.218567229367398 -0.03645000000000001
-0.055975500000000004 0.0 0.0 -0.010598052555000001 11.527832933093183 -0.12195
0.0 0.0 0.0 0.0 26.631541650689453 0.0
0.0 0.0 3.8475084067865173 -0.022373666505000004 0.0 0.0
0.0 0.0 0.0 0.0 30.966491912161732 -1.4107683305700014e-05
0.0 0.0 0.0 0.0 16.51148988284931 -0.006936218528867928
0.5831154764773624 0.0 0.0 0.0 0.0 -0.045000000000000005
0.0 4.720864332234468 0.0 -0.0076950000000000005 -0.41216826186003197 -0.0036450000000000007
0.0 0.2167406825612175 -0.0032807657205000005 0.10959665272002402 29.576422885084448 -1.4107683305700014e-05
0.0 0.0 0.0 0.24738523023066045 -0.95 0.0
0.0 0.0 0.0 0.0 8.400369075718348 0.0
0.0 0.0 0.0 0.0 0.0 0.0
0.0 0.0 0.0 0.0 0.0 0.0
0.0 0.0 0.0 0.0 0.0 0.0
0.0 0.0 -0.009328882387443817 0.0 0.0 0.0
0.0 0.0 0.0 0.0 1.6363343707893372 0.0
0.0 -0.061929555988893555 0.0 -0.03328173 1.2000000000000002 0.0
-0.045000000000000005 0.0 0.0 -3.280500000000001e-05 0.0 -0.023182605000000005
0.0 0.0 0.0 0.0 0.0 0.0
-0.044306648986949984 -0.079585623 -0.045000000000000005 -0.06023993130000001 -0.052273665703498035 -0.08586450000000001
-0.04944476117722821 -0.04084557514896383 -0.08554782969000001 -0.057007717872930005 -0.95 -0.0531790155
0.0 -0.0017416892970000015 0.0 0.0 0.0 0.0
0.0 0.0 0.0 0.0 0.0 0.0
0.0 0.0 0.0 0.0 2.1154929347501725 0.0
0.0 0.0 0.0 0.0 3.472768669910577 0.0
0.0 0.008748000000000004 0.0 0.0 2.388652332998947 0.0
0.0 0.0 0.0 0.0 15.164514645217237 -1.4107683305700014e-05
0.0 0.0 0.8114850918315625 0.0 -0.5 0.0
0.0 -0.0003645000000000001 4.928600122583047 -0.010976916202189248 -0.5 -0.154755
0.0 0.016621200000000006 0.0 0.0 7.605536432162602 -0.00769123427284692
0.0 0.0 0.0 0.0 0.0 0.0
0.0 0.0 0.0 0.0 12.436380182944426 0.0
0.0 0.0 0.0 0.0 30.63583887891796 0.0
0.0 0.0 0.0 0.0 3.8228247503457973 0.0
0.0 0.0 0.0 0.0 0.0 0.0
-0.07695 -0.0855 -0.0991370745 -0.00466614010121323 -0.045000000000000005 -1.6087325
0.0 0.0 -0.12535155 0.21981356461800006 0.0 0.0
-0.011598795000000002 -0.0855 -0.0855 0.0 -0.0855 -0.9905
0.0 -0.0855 -0.010221833370636913 -2.952450000000001e-05 -0.028378799999999996 -0.8482073000000001
0.0 0.0 -0.13266306406012499 -2.952450000000001e-05 0.0 -0.5
-0.0855 -0.045000000000000005 -0.154755 -2.6572050000000006e-05 -0.0855 -1.727195
-8.890155000000003e-05 0.0 -0.1392795 0.0 0.0 -0.95
0.0 0.0 0.0 0.0 0.0 0.0
-0.0855 -0.11830500000000002 -0.154755 0.007336231094546503 -0.045000000000000005 -0.9540500000000001
-0.16241234272846922 -0.045000000000000005 0.0 -0.045000000000000005 -0.00015675203673000014 -1.7195
-0.124634295 -0.0855 -0.154755 -0.045000000000000005 -0.045000000000000005 -1.355
0.0 -0.0855 0.0 0.0 0.0 0.0
0.0 0.0 0.0 0.0 0.0 1.83
0.0 0.0 0.0 0.0 0.0 0.0
-0.0006232950000000002 0.0 0.0 0.0 0.0 0.0
0.0 0.0 0.0 0.0 0.40888131086858337 -0.5
0.0 0.0 0.0 0.0 0.0 0.0
0.0 0.0 0.0 0.0 0.0 0.0
0.0 0.0 0.0 0.0 0.0 0.0
0.0 0.0 0.0 0.0 0.0 0.0
0.0 0.0 0.0 0.0 0.0 0.0
0.0 0.0 0.0 0.0 0.0 -0.95
0.0 0.0 0.0 0.0 0.0 0.0
0.0 0.0 0.0 0.0 0.0 0.5800000000000001
-8.890155000000003e-05 0.0 0.0 0.0 0.0 0.0
0.0 0.0 0.0 0.0 0.0 0.0
-0.06465112238719858 -0.045000000000000005 0.0 0.0 0.0 0.0
0.0 0.0 0.0 0.0 0.0 0.0
0.0 0.0 0.0 0.0 0.0 0.0
-0.011598795000000002 -0.045000000000000005 0.0 0.0 0.0 1.2000000000000002
0.0 0.0 0.0 0.0 0.0 1.2000000000000002
0.0 0.0 0.0 0.0 0.0 0.0
0.0 0.0 0.0 0.0 0.0 -0.51392795
0.0 0.0 -0.154755 0.0 0.0 -0.50405
0.0 0.0 0.0 0.0 0.0 0.0
-0.045000000000000005 0.0 0.0 0.0 0.0 -0.62195
0.0 0.0 0.0 0.0 0.0 0.0
0.0 0.0 0.0 0.0 0.0 0.0
0.0 0.0 0.0 0.0 0.0 0.0
0.0 0.0 0.0 0.0 0.0 -0.5
0.0 0.0 0.0 0.0 0.0 0.0
0.0 0.0 0.0 0.0 0.0 0.0
0.0 0.0 0.0 0.0 0.0 0.0
0.0 0.0 0.0 0.0 0.0 0.0
0.0 0.0 0.0 0.0 0.0 0.0
0.0 0.0 0.0 0.0 0.0 0.0
0.0 0.0 0.0 0.0 0.0 -0.50405
0.0 0.0 0.0 0.0 0.0 0.0
