0.0 0.0 0.0 0.0 0.0 0.0
0.0 0.0 0.0 0.0 0.0 0.0
0.0 0.0 0.0 0.0 0.0 0.0
0.0 0.0 0.0 0.0 0.0 0.0
0.0 0.0 0.0 0.0 0.0 0.0
0.0 0.0 0.0 0.0 0.0 0.0
0.0 0.0 0.0 0.0 0.0 0.0
0.0 0.0 0.0 0.0 0.0 0.0
0.0 0.0 0.0 0.0 0.0 0.0
0.0 0.0 0.0 0.0 0.0 0.0
0.0 0.0 0.0 0.0 0.0 0.0
0.0 0.0 0.0 0.0 0.0 0.0
0.0 0.0 0.0 0.0 0.0 0.0
0.0 0.0 0.0 0.0 0.0 0.0
0.0 0.0 0.0 0.0 0.0 0.0
0.0 0.0 0.0 0.0 0.0 0.0
0.0 0.0 0.0 0.0 0.0 0.0
0.0 0.0 0.0 0.0 0.0 0.0
0.0 0.0 0.0 0.0 0.0 0.0
0.0 0.0 0.0 0.0 0.0 0.0
0.0 0.0 0.0 0.0 0.0 0.0
0.0 0.0 0.0 0.0 0.0 0.0
0.0 0.0 0.0 0.0 0.0 0.0
0.0 0.0 0.0 0.0 0.0 0.0
0.7849464614021371 0.0 -0.0016828965000000007 0.0 6.610250312298743 0.0
0.174848539315 0.0 18.165654119952023 0.0 0.0 -0.045000000000000005
2.7498000000000005 0.0 0.0 0.0 0.0 0.0
-0.5 0.0 0.0 0.0 -0.0003645000000000001 0.0
-0.48655400000000004 0.0 0.0 0.0 0.0 -0.04493622708000001
-0.7436693309414 0.0 0.0 0.0 1.887532748907053 0.0
0.0 0.0 0.0 0.0 0.0 0.0
3.789991153129073 0.0 0.0 0.0 0.0 -0.045000000000000005
0.0 0.0 10.302482079983752 0.0 0.0 0.0
-0.5551298620564271 -0.00046651990500000016 0.0 2.4370228179017035 0.0 -0.04050000000000001
0.0 0.0 0.0 0.0 0.0 0.0
0.75 0.0 9.702930254519547 0.0 0.0 7.085880000000005e-05
0.0 0.0 0.0 -0.007695000000000002 0.0 0.3309253336937587
9.268892893131202 0.0 0.0 0.0 0.15212315135956858 0.0
1.552 0.0 0.0 0.0 0.0 0.0
0.0 0.0 0.0 0.3435062990727987 0.0 0.0
0.0 -0.045000000000000005 0.0 0.0 0.16373952628989707 -0.043684779184380004
10.051334447233835 0.0 0.0 0.0 0.0 0.0
-0.95 0.0 0.0 -0.004050000000000001 -0.004050000000000001 0.0
3.6715608706213687 -0.045000000000000005 0.0 0.0 0.0 0.0
-0.045099434202983346 -0.007695000000000002 0.0 0.0 0.0 0.0
8.630373732789947 0.0 0.0 0.0 0.0 0.0
-0.5 0.0 0.0 0.0 0.0 0.0
13.33612408591045 0.0 0.0 0.0 0.0 0.0
0.0 0.0 0.0 0.0 0.0 0.0
0.0 0.0 0.0 0.0 0.0 0.0
0.0 0.0 0.0 0.0 0.0 0.0
0.0 0.0 0.0 0.0 0.0 0.0
0.0 0.0 0.0 0.0 0.0 0.0
0.0 0.0 0.0 0.0 0.0 0.0
0.0 0.0 0.0 0.0 0.0 0.0
0.0 0.0 0.0 0.0 0.0 0.0
0.0 0.0 0.0 0.0 0.0 0.0
0.0 0.0 0.0 0.0 0.0 0.0
0.0 0.0 0.0 0.0 0.0 0.0
0.0 0.0 0.0 0.0 0.0 0.0
0.0 0.0 0.0 0.0 0.0 0.0
0.0 0.0 0.0 0.0 0.0 0.0
0.0 0.0 0.0 0.0 0.0 0.0
0.0 0.0 0.0 0.0 0.0 0.0
0.0 0.0 0.0 0.0 0.0 0.0
0.0 0.0 0.0 0.0 0.0 0.0
0.0 0.0 0.0 0.0 0.0 0.0
0.0 0.0 0.0 0.0 0.0 0.0
0.0 0.0 0.0 0.0 0.0 0.0
0.0 0.0 0.0 0.0 0.0 0.0
0.0 0.0 0.0 0.0 0.0 0.0
0.0 0.0 0.0 0.0 0.0 0.0
0.0 3.2070000000000003 0.0 0.0 0.0 0.0
0.0 -0.5 0.0 0.0 0.0 0.0
0.0 0.0 0.0 0.0 0.0 -0.014799921521622912
0.0 7.703381569621386 -0.0036324288 0.0 0.0 0.0
0.0 0.0 0.0 0.0 0.0 -0.0016649999999999868
0.0 3.6768 -0.0036324288 0.0 0.0 0.0
0.0 3.8251251367795507 0.0 0.0 0.0 0.0
0.0 3.8269875 0.0 0.0 0.0 0.0
0.0 -0.5 0.0 0.014959080000000003 0.0 0.0
0.0 2.961182200000001 0.0 0.0 0.0 0.0
0.0 3.2900766829988553 0.0 0.0 0.0 0.0
0.0 0.75 0.0 0.0 0.0 0.0
0.0 0.0 -0.0003538467113934781 -0.005183554500000001 0.0 0.0
0.0 3.7726852177573837 0.0 0.0 -0.08550000000000002 0.0
0.0 -0.5 0.7052069589743617 0.0 -0.092370239568 2.737870658565245
0.0 1.1640337401676737 0.0 -0.005183554500000001 0.0 2.6166743989625965
0.0 2.284239451907611 0.0 -0.005183554500000001 0.0 0.0
0.0 8.48328739315647 0.0 0.0 0.008748000000000004 -0.006561000000000002
0.0 -0.5 0.0 -0.005183554500000001 -0.12103355952000001 0.0
0.0 -0.5 0.977969395141582 0.0 -0.06657619331249998 0.0
0.0 3.201434652 0.0 0.0 -0.12103355952000001 0.0
0.0 0.0 0.0 1.9893634061038759 0.0 0.0
0.0 0.0 0.0 0.0 0.008179074251892004 2.147974329022823
0.0 3.2932693477248502 0.0 -0.005183554500000001 0.13948200000000002 0.0
0.0 0.0 0.0 0.0 0.0 0.0
0.0 0.0 0.0 0.0 0.0 0.0
0.0 0.0 0.0 0.0 0.0 0.0
0.0 0.0 0.0 0.0 0.0 0.0
0.0 0.0 0.0 0.0 0.0 0.0
0.0 0.0 0.0 0.0 0.0 0.0
0.0 0.0 0.0 0.0 0.0 0.0
0.0 0.0 0.0 0.0 0.0 0.0
0.0 0.0 0.0 0.0 0.0 0.0
0.0 0.0 0.0 0.0 0.0 0.0
0.0 0.0 0.0 0.0 0.0 0.0
0.0 0.0 0.0 0.0 0.0 0.0
0.0 0.0 0.0 0.0 0.0 0.0
0.0 0.0 0.0 0.0 0.0 0.0
0.0 0.0 0.0 0.0 0.0 0.0
0.0 0.0 0.0 0.0 0.0 0.0
0.0 0.0 0.0 0.0 0.0 0.0
0.0 0.0 0.0 0.0 0.0 0.0
0.0 0.0 0.0 0.0 0.0 0.0
0.0 0.0 0.0 0.0 0.0 0.0
0.0 0.0 0.0 0.0 0.0 0.0
0.0 0.0 0.0 0.0 0.0 0.0
0.0 0.0 0.0 0.0 0.0 0.0
0.0 0.0 0.0 0.0 0.0 0.0
0.0 0.0 -0.545 -0.0006072569999999999 0.0 -0.023193199087875115
0.0 0.0 0.0 0.0 0.0 0.0
0.0 0.0 0.0 0.0 0.0 0.0
-0.003931630126594201 0.0 -0.5000419867914501 0.0 0.0 0.0
0.0 -0.0004198679145000001 -0.5 0.0 -0.03871784796560588 -0.045000000000000005
-0.0032805000000000004 0.0 12.552289864864449 0.0 0.0 0.0
0.0 0.0 -0.95 0.0 -0.045000000000000005 0.0
0.0 0.0 6.4388587188 0.0 0.0 0.0
0.0 0.0 2.0166544025306194 0.0 0.0 0.0
0.0 0.0 7.1788463338892265 0.0 0.0 0.0
0.0 0.0 4.507344344010507 0.0 0.0 0.0
0.0 0.0 0.0 0.0 0.0 -0.044550000000000006
0.0 0.0 29.874161968602095 0.28991956752000003 -0.006232950000000002 0.0
0.0 -0.045000000000000005 0.0 0.40257594344328257 0.0 0.0
0.0 -0.04036031999999999 0.0 0.4896372963649202 -0.004050000000000001 0.0
0.0 0.0 17.425668011604674 0.0 0.0 0.0
0.0 0.0005165606520000003 0.7773840320378109 44.77892413102905 -0.0014165568000000107 0.0
0.0 -0.000326918592 56.39037398828857 0.24645628834029662 -0.004327799159768978 0.11082065969276816
0.5661995533432826 0.0 -0.5 0.0 0.008383500000000004 0.0
0.0 -0.0003280500000000001 0.0 0.0 -0.0003280500000000001 1.2127597536690224
-0.066930239784726 0.0 35.82127884174991 0.0 0.0 0.0
0.0 0.0 44.57450526934638 0.0 0.0 0.0
0.0 0.0 17.451842988451524 0.0 -0.0014165568000000107 0.0
0.0 0.0 22.36804032913051 0.0 -0.0032805000000000004 0.0
0.0 0.0 0.0 0.0 0.0 0.0
0.0 0.0 0.0 0.0 0.0 0.0
0.0 0.0 0.0 0.0 0.0 0.0
0.0 0.0 0.0 0.0 0.0 0.0
0.0 0.0 0.0 0.0 0.0 0.0
0.0 0.0 0.0 0.0 0.0 0.0
0.0 0.0 0.0 0.0 0.0 0.0
0.0 0.0 0.0 0.0 0.0 0.0
0.0 0.0 0.0 0.0 0.0 0.0
0.0 0.0 0.0 0.0 0.0 0.0
0.0 0.0 0.0 0.0 0.0 0.0
0.0 0.0 0.0 0.0 0.0 0.0
0.0 0.0 0.0 0.0 0.0 0.0
0.0 0.0 0.0 0.0 0.0 0.0
0.0 0.0 0.0 0.0 0.0 0.0
0.0 0.0 0.0 0.0 0.0 0.0
0.0 0.0 0.0 0.0 0.0 0.0
0.0 0.0 0.0 0.0 0.0 0.0
0.0 0.0 0.0 0.0 0.0 0.0
0.0 0.0 0.0 0.0 0.0 0.0
0.0 0.0 0.0 0.0 0.0 0.0
0.0 0.0 0.0 0.0 0.0 0.0
0.0 0.0 0.0 0.0 0.0 0.0
0.0 0.0 0.0 0.0 0.0 0.0
0.0 0.0 0.0 7.329303754750988 0.0 0.0
-0.08550000000000002 0.0 -0.045000000000000005 0.7852000000000001 0.0 -0.045000000000000005
0.0 0.0 0.0 0.0 0.8923047130045114 0.0
-0.045000000000000005 0.0 0.0 7.447150480456425 0.0 0.0
0.0 0.0 0.0 6.976239357301871 0.0 0.0
0.0 -0.045000000000000005 0.0 49.31117000926971 0.0 0.0
-0.0003645000000000001 0.0 0.0 44.37512605943659 0.0 0.0
-0.02776946895 -0.00046651990500000016 0.0 45.94933172015567 0.0 0.0
0.0 0.0 0.0 0.0 0.0 0.0
0.0 0.0 0.0 0.0 0.0 0.0
0.0 -0.010893020356800003 -0.045000000000000005 -0.5 0.0 0.0
0.0 -0.045000000000000005 -0.045000000000000005 4.0387706231218985 0.0 0.0
0.0 0.0 0.0 13.427927240257468 0.0 0.0
0.0 0.0 0.0 7.5031944695637645 0.0 0.2769288750000001
0.0 0.0 0.0 5.485068792384102 0.0 0.0
0.0 0.0 0.0 11.280199549359125 0.0 -0.05759505000000001
0.0 -0.0067472999999999995 0.0 0.0 1.0067798671017218 0.0
0.0 0.0 0.0 49.9139018498008 0.011314624948458755 0.008205878300123436
0.0 -0.03645000000000001 0.0 48.28967673791834 0.0025985962886625 -0.022123654999280387
0.0 -0.003984213177 0.0 50.25442080304375 -0.0249318 0.0
0.0 0.0 0.0 11.764015793230215 0.0 0.0
0.0 0.0 0.03404325149388001 -0.95 -0.045000000000000005 0.23580858709923744
0.0 0.0 0.0 5.208233893455591 0.0025985962886625 0.0
0.0 0.0 0.44227080000000013 0.0 0.5228933796469823 -0.07695
0.0 0.0 0.0 0.0 0.0 0.0
0.0 0.0 0.0 0.0 0.0 0.0
0.0 0.0 0.0 0.0 0.0 0.0
0.0 0.0 0.0 0.0 0.0 0.0
0.0 0.0 0.0 0.0 0.0 0.0
0.0 0.0 0.0 0.0 0.0 0.0
0.0 0.0 0.0 0.0 0.0 0.0
0.0 0.0 0.0 0.0 0.0 0.0
0.0 0.0 0.0 0.0 0.0 0.0
0.0 0.0 0.0 0.0 0.0 0.0
0.0 0.0 0.0 0.0 0.0 0.0
0.0 0.0 0.0 0.0 0.0 0.0
0.0 0.0 0.0 0.0 0.0 0.0
0.0 0.0 0.0 0.0 0.0 0.0
0.0 0.0 0.0 0.0 0.0 0.0
0.0 0.0 0.0 0.0 0.0 0.0
0.0 0.0 0.0 0.0 0.0 0.0
0.0 0.0 0.0 0.0 0.0 0.0
0.0 0.0 0.0 0.0 0.0 0.0
0.0 0.0 0.0 0.0 0.0 0.0
0.0 0.0 0.0 0.0 0.0 0.0
0.0 0.0 0.0 0.0 0.0 0.0
0.0 0.0 0.0 0.0 0.0 0.0
0.0 0.0 0.0 0.0 0.0 0.0
0.3149862744765963 0.0 0.0 0.0 -0.5 0.0
0.0 0.0 0.7846227579712999 0.0 0.0 0.0
0.0 0.0 0.0 0.0 3.6293823690757114 0.0
0.0 0.0 0.0 0.0 1.7220000000000002 0.0
0.0 0.0 0.0 1.232586867090921 -0.5 0.0
0.0 0.0 -0.00602372158062534 0.0 -0.5 0.0
0.0 0.0 0.0 0.0 1.2000000000000002 0.0
-0.045000000000000005 0.0 0.0 0.0 -0.5 -0.0332476452
0.0 0.0 0.0 0.0 2.3881380185492063 0.0
0.0 0.0 27.51807971917013 0.0 0.75 0.0
0.0 0.0 0.31001850385950636 0.0 0.0 0.0
0.0617167974672 0.0 0.0 0.0 0.0 0.0
0.0 0.0 0.0 -0.007695000000000002 8.594486435343107 0.03750971892159144
0.0 0.0 0.0 -0.045000000000000005 3.1515946131603423 0.0
0.0 0.0 0.0 0.0 2.349274193270625 0.0
-0.04996168758507844 0.0 0.0 -0.036031933125 -1.344817328 -0.041941257481080005
0.0 0.0 0.0 0.0 -0.5 0.0
0.49595522877911324 0.0 0.0 -0.045000000000000005 -0.015739520000000118 -0.0036450000000000007
0.0 0.0 0.0 0.0 6.586122051634691 0.0
0.0 0.0 0.10800000000000004 0.02887329209625 3.313611984890641 0.2392225200000001
0.0 0.0 0.0 0.0 4.1931374341745675 0.0
0.0 0.0 40.42028135878822 -0.027673330571437504 1.0590399670190092 -0.0032805000000000004
0.0 0.0 0.0 0.012301875000000002 7.80651835317743 0.0
1.0864250453673423 0.0 0.0 0.0 -0.95 0.0
0.0 0.0 0.0 0.0 0.0 0.0
0.0 0.0 0.0 0.0 0.0 0.0
0.0 0.0 0.0 0.0 0.0 0.0
0.0 0.0 0.0 0.0 0.0 0.0
0.0 0.0 0.0 0.0 0.0 0.0
0.0 0.0 0.0 0.0 0.0 0.0
0.0 0.0 0.0 0.0 0.0 0.0
0.0 0.0 0.0 0.0 0.0 0.0
0.0 0.0 0.0 0.0 0.0 0.0
0.0 0.0 0.0 0.0 0.0 0.0
0.0 0.0 0.0 0.0 0.0 0.0
0.0 0.0 0.0 0.0 0.0 0.0
0.0 0.0 0.0 0.0 0.0 0.0
0.0 0.0 0.0 0.0 0.0 0.0
0.0 0.0 0.0 0.0 0.0 0.0
0.0 0.0 0.0 0.0 0.0 0.0
0.0 0.0 0.0 0.0 0.0 0.0
0.0 0.0 0.0 0.0 0.0 0.0
0.0 0.0 0.0 0.0 0.0 0.0
0.0 0.0 0.0 0.0 0.0 0.0
0.0 0.0 0.0 0.0 0.0 0.0
0.0 0.0 0.0 0.0 0.0 0.0
0.0 0.0 0.0 0.0 0.0 0.0
0.0 0.0 0.0 0.0 0.0 0.0
0.0 0.46279066700591703 0.0 0.0 0.0 -0.5
0.0 0.0 3.6300500140327765 0.0 0.0 -0.485386435382
0.0 0.0 0.0 0.0 0.0011071687500000002 3.6286050000000003
0.0 0.0 0.0 0.0 0.0 6.492279245670796
-0.045000000000000005 0.0 0.0 0.0 0.0 -0.47092383105649527
0.0 0.09113118205174005 0.0 0.0 0.012116854800000004 3.71761100365368
0.0 0.42647654323750517 0.0 0.0 0.0 -0.5
0.0 0.07477136147464201 1.611318255566395 0.0 0.0 -0.14273491767012536
0.0 0.0 0.0 0.0 0.0 0.0
0.0 0.0 0.0 0.00023387366597962505 0.8149450819855999 -0.5
0.0 0.0 5.099975229018922 0.0 0.0 0.24249999999999994
-0.03645000000000001 0.7419965639068296 0.0 0.0 0.0 -1.7195
0.0 0.0 -0.0002952450000000001 0.0 0.0 -0.5
0.0 -0.027946620000000002 0.0 0.0 0.0 1.7040899411638804
1.8670068517642082 0.0 0.0 0.0 0.0 -0.5165791411999999
0.0 -0.03280500000000001 0.0 -0.015892605000000004 0.0 5.0259533630121656
1.3276035726362023 0.0 0.0 0.0 0.0 -0.5
0.0 0.0 0.0 0.0 0.0 2.43974501880276
0.0 0.0 0.0 0.03980437200000001 0.0 0.0
0.09117642555692707 0.0 3.0396291743495825 0.0 0.0 -0.7110500000000001
0.9753694996737454 0.0 0.0 0.0 0.0 -0.50405
0.0 0.0 0.0 0.0 -0.045000000000000005 2.17293562795
0.0 -0.00046651990500000016 -0.0002952450000000001 -0.004050000000000001 -0.079945488227952 -1.3955000000000002
6.831404727399337 0.0 -0.0003280500000000001 0.0 0.04466036833200002 -0.5855
