0.0 0.0 0.0 0.0 0.0 0.0
0.0 0.0 0.0 0.0 0.0 0.0
0.0 0.0 0.0 0.0 0.0 0.0
0.0 0.0 0.0 0.0 0.0 0.0
0.0 0.0 0.0 0.0 0.0 0.0
0.0 0.0 0.0 0.0 0.0 0.0
0.0 0.0 0.0 0.0 0.0 0.0
0.0 0.0 0.0 0.0 0.0 0.0
0.0 0.0 0.0 0.0 0.0 0.0
0.0 0.0 0.0 0.0 0.0 0.0
0.0 0.0 0.0 0.0 0.0 0.0
0.0 0.0 0.0 0.0 0.0 0.0
0.0 0.0 0.0 0.0 0.0 0.0
0.0 0.0 0.0 0.0 0.0 0.0
0.0 0.0 0.0 0.0 0.0 0.0
0.0 0.0 0.0 0.0 0.0 0.0
0.0 0.0 0.0 0.0 0.0 0.0
0.0 0.0 0.0 0.0 0.0 0.0
0.0 0.0 0.0 0.0 0.0 0.0
0.0 0.0 0.0 0.0 0.0 0.0
0.0 0.0 0.0 0.0 0.0 0.0
0.0 0.0 0.0 0.0 0.0 0.0
0.0 0.0 0.0 0.0 0.0 0.0
0.0 0.0 0.0 0.0 0.0 0.0
-1.8097743690741876 0.0 0.0035521426795317294 -0.0680014845 35.91645580821163 0.02363648935995115
-0.5 0.0 0.0 0.0 0.0 -0.010975950000000016
-1.7195 0.0 0.0 -0.04050000000000001 3.880904355836225 -0.004050000000000001
-0.5225262291190619 0.0 -0.11905810803000001 0.0 0.0 -0.004050000000000001
-0.9284303124079885 0.004698000000000002 -0.031752 0.0 3.4432612631457546 -0.004050000000000001
0.20659761090410178 0.0 0.0 -0.07695 3.6440512974648707 0.0
-2.9954360796387425 -0.12203001139500001 -0.12195 -0.0076950000000000005 3.2076327754262053 -0.007695000000000002
-0.5082420232303977 0.0 0.0 0.0 -2.952450000000001e-06 -0.028030500000000014
-0.95 0.027152448278975557 -0.03280500000000001 -0.0855 7.21650103918596 -0.08464500000000001
-0.5239987413640456 -0.12203001139500001 -0.09545540625000001 -0.010975500000000001 3.5047186095451606 -0.08059500000000001
-0.545 0.0 0.0 -0.07695 1.839932619761661 0.0
0.0 0.0 0.0 -0.0076950000000000005 1.0535145867687987 0.0
-1.0355 0.0 -0.0036450000000000007 0.0 0.0 -0.003341412
0.0 0.0 0.0 0.0 0.0 0.0
0.0 0.0 0.0 0.0 0.0 0.0
-0.5 0.5472509059261801 0.0 0.0 0.0 0.0
0.0 0.0 0.0 0.000460300346533363 0.0 0.0
-0.545 0.34570297087936064 0.0 0.0 0.0 0.0
0.0 -0.013927950000000001 0.0 0.0 0.0 0.0
0.0 0.0 0.0 0.0 0.0 0.0
-0.5 -0.010975500000000001 0.0 0.0 0.0 0.0
0.5350000000000001 0.0 0.0 0.0 0.0 0.0
-0.95 0.0 0.0 0.0 0.0 0.0
0.0 0.0 0.0 0.0 0.0 0.0
0.0 0.0 0.0 0.0 0.0 0.0
0.0 0.0 0.0 0.0 0.0 0.0
0.0 0.0 0.0 0.0 0.0 0.0
0.0 0.0 0.0 0.0 0.0 0.0
0.0 0.0 0.0 0.0 0.0 0.0
0.0 0.0 0.0 0.0 0.0 0.0
0.0 0.0 0.0 0.0 0.0 0.0
0.0 0.0 0.0 0.0 0.0 0.0
0.0 0.0 0.0 0.0 0.0 0.0
0.0 0.0 0.0 0.0 0.0 0.0
0.0 0.0 0.0 0.0 0.0 0.0
0.0 0.0 0.0 0.0 0.0 0.0
0.0 0.0 0.0 0.0 0.0 0.0
0.0 0.0 0.0 0.0 0.0 0.0
0.0 0.0 0.0 0.0 0.0 0.0
0.0 0.0 0.0 0.0 0.0 0.0
0.0 0.0 0.0 0.0 0.0 0.0
0.0 0.0 0.0 0.0 0.0 0.0
0.0 0.0 0.0 0.0 0.0 0.0
0.0 0.0 0.0 0.0 0.0 0.0
0.0 0.0 0.0 0.0 0.0 0.0
0.0 0.0 0.0 0.0 0.0 0.0
0.0 0.0 0.0 0.0 0.0 0.0
0.0 0.0 0.0 0.0 0.0 0.0
0.0 -1.3558890155 0.0 0.0 0.6128508235795112 -0.045000000000000005
-0.12195 2.0598242832100757 0.0 -0.009877950000000002 0.0001782000000000015 -0.045000000000000005
0.0 -1.664309919771368 10.846031540008788 -0.00987795 -0.0008988934500000002 0.0
0.0 -0.28895440367648734 3.2731205387709856 0.0 0.0 0.014224244854797301
-0.004050000000000001 -0.3114500000000001 6.89483143972511 -0.00987795 -0.0003280500000000001 0.0
0.0 3.2449528978531026 0.0 0.0 -0.07677180000000002 0.0
0.0 -1.7195 0.0 0.0 0.6550847549421686 -0.006232950000000001
0.0 2.096697502847187 0.0 0.0 0.0 0.0
-0.004009500000000001 -0.0407209572094005 6.212046008553459 -0.00987795 -0.03677805000000001 0.0
0.0 -0.18466040759139035 4.68691758248873 0.0 0.0001782000000000015 -0.048280500000000004
-0.09910755 -0.5 2.9978969530614528 0.0 0.0 -0.007290000000000002
0.0 0.0 0.0 0.0 0.0 0.0
0.0 0.0 0.0 0.0 -0.045000000000000005 0.0
0.017753580000000005 3.181153607236042 0.0 0.0 0.0 0.0
0.0 -1.355 0.0 0.0 2.0606060670529303 -0.047590460219139326
-0.04676709034341557 -0.488701958 0.0 0.0 0.0 0.0
0.0 0.0 0.0 0.0 -0.045000000000000005 0.0
0.19145072639674487 0.023750474485479733 -0.0005852412000000001 -0.052695000000000006 -0.04050000000000001 0.0
0.0 -0.48605180000000003 0.0 -0.0076950000000000005 0.0 -0.004414500000000001
0.0 -0.5 0.0 0.0 -0.0076950000000000005 0.0
-0.04232462455864402 0.0 -0.045000000000000005 -0.0009877950000000003 1.280152443945788 -0.0449145
0.0 -0.5 0.0015888481330500013 -0.045000000000000005 0.24643862169660113 -0.014292450000000002
0.0 0.0 0.0 -0.0069255 0.0 0.0
0.0 0.0 0.0 0.0 0.0 0.0
0.0 0.0 0.0 0.0 0.0 0.0
0.0 0.0 0.0 0.0 0.0 0.0
0.0 0.0 0.0 0.0 0.0 0.0
0.0 0.0 0.0 0.0 0.0 0.0
0.0 0.0 0.0 0.0 0.0 0.0
0.0 0.0 0.0 0.0 0.0 0.0
0.0 0.0 0.0 0.0 0.0 0.0
0.0 0.0 0.0 0.0 0.0 0.0
0.0 0.0 0.0 0.0 0.0 0.0
0.0 0.0 0.0 0.0 0.0 0.0
0.0 0.0 0.0 0.0 0.0 0.0
0.0 0.0 0.0 0.0 0.0 0.0
0.0 0.0 0.0 0.0 0.0 0.0
0.0 0.0 0.0 0.0 0.0 0.0
0.0 0.0 0.0 0.0 0.0 0.0
0.0 0.0 0.0 0.0 0.0 0.0
0.0 0.0 0.0 0.0 0.0 0.0
0.0 0.0 0.0 0.0 0.0 0.0
0.0 0.0 0.0 0.0 0.0 0.0
0.0 0.0 0.0 0.0 0.0 0.0
0.0 0.0 0.0 0.0 0.0 0.0
0.0 0.0 0.0 0.0 0.0 0.0
0.0 0.0 0.0 0.0 0.0 0.0
0.0 0.0 0.0 0.0 0.0 0.0
0.0 -0.0003645000000000001 -0.392 -0.004742550000000002 0.0 0.0008372709249184414
-0.04647322944815205 -0.028030500000000014 0.0 0.0 0.0 0.0
0.07264421760342045 0.25216883454991124 10.298097253419678 -6.322229135550003e-05 0.06940408797931882 -0.007002450000000002
-0.0028576800000000005 0.0 1.5652611207068974 0.0 0.0 0.0
-0.006032880000000001 0.6022372150030919 18.852737080485852 -6.322229135550003e-05 -0.0007924794180910992 -0.007002450000000002
-0.012994099574400002 -0.09138565800000002 21.767434164000342 0.0 0.028696925452253292 -0.017881746705000003
-0.005715360000000001 0.48682974478707025 1.953460599048108 0.0 0.05682720327572382 -0.014027149039500003
0.0 0.0 2.3541934505526996 0.0 0.0 0.04811210668316591
-0.03721451700130544 0.0 -0.5006302205000001 0.0 0.0 0.012384132382148472
0.0 0.0 7.815114098494836 -0.045000000000000005 0.0 0.016621200000000006
-0.0003645000000000001 -0.0008890155000000001 -0.5 0.0 0.0 0.0
0.0 0.0 1.22735071666065 0.0 0.0 0.0
0.0 1.0007473752647627 -1.355 0.03603042000000001 0.03946825199479699 0.0
0.0 0.016708056219741144 0.0 0.0 -2.657205000000001e-06 -0.045000000000000005
0.0 0.0 23.838261444589214 0.0 -8.234832904814036e-05 0.03487339961522584
0.0 0.0 -0.5 0.0 0.01765386814500001 -0.004050000000000001
0.07611775263330668 0.0 25.642410612825994 0.0 0.11831966619833117 -0.016508205
0.0 -0.00011912596600153053 26.54978883624878 0.0 -8.234832904814036e-05 -0.14548079969550004
0.01859378498136916 0.0 7.059954585816776 0.0 0.0 -0.003645000000000001
0.0 0.0 0.0 0.0 0.0 -0.014292450000000002
0.07798553771081512 1.9716673381011045 -0.005350768619112434 0.0 -0.029818929710203033 -0.007057270800000001
0.0 -0.03648280500000001 18.43542805516784 0.0 0.0 -0.04050000000000001
0.09238915631256109 0.0 9.766796346381302 0.0 0.0 -0.04374000000000001
0.0 0.0 1.2000000000000002 0.0 0.0 0.0
0.0 0.0 0.0 0.0 0.0 0.0
0.0 0.0 0.0 0.0 0.0 0.0
0.0 0.0 0.0 0.0 0.0 0.0
0.0 0.0 0.0 0.0 0.0 0.0
0.0 0.0 0.0 0.0 0.0 0.0
0.0 0.0 0.0 0.0 0.0 0.0
0.0 0.0 0.0 0.0 0.0 0.0
0.0 0.0 0.0 0.0 0.0 0.0
0.0 0.0 0.0 0.0 0.0 0.0
0.0 0.0 0.0 0.0 0.0 0.0
0.0 0.0 0.0 0.0 0.0 0.0
0.0 0.0 0.0 0.0 0.0 0.0
0.0 0.0 0.0 0.0 0.0 0.0
0.0 0.0 0.0 0.0 0.0 0.0
0.0 0.0 0.0 0.0 0.0 0.0
0.0 0.0 0.0 0.0 0.0 0.0
0.0 0.0 0.0 0.0 0.0 0.0
0.0 0.0 0.0 0.0 0.0 0.0
0.0 0.0 0.0 0.0 0.0 0.0
0.0 0.0 0.0 0.0 0.0 0.0
0.0 0.0 0.0 0.0 0.0 0.0
0.0 0.0 0.0 0.0 0.0 0.0
0.0 0.0 0.0 0.0 0.0 0.0
0.0 0.0 0.0 0.0 0.0 0.0
-0.26958924716748683 -0.03645000000000001 0.0 -1.7195 -0.045000000000000005 -0.0855
0.0 0.0 0.18437079125076197 0.0 0.0 0.0
0.0 -0.109755 0.0 -0.95 -0.004050000000000001 -0.003280500000000001
-0.010975500000000001 -0.00029524500000000013 0.3185037812845156 -0.545 -0.045000000000000005 -0.039114757349280556
-0.1442957636619569 -0.04336412400000001 -0.0007024699039500002 -1.3582805000000002 0.0 0.0
-0.0006925500000000002 -0.0006925500000000001 0.0 -1.0677500385354501 -0.0049943933026195516 -0.12195
0.0 -0.154755 0.0 -0.5 -0.003020097555000001 -0.12195000000000002
-0.0006925500000000001 0.0 0.0 1.6933648404999997 0.0 -0.0855
-0.010975500000000001 -0.00029524500000000013 1.3213245764248618 -0.5 -6.088279950000072e-05 -0.125595
0.0 0.0 0.0 -0.02300000000000002 0.8998447298989126 0.0
-0.010975500000000001 -0.0002391484500000001 0.0 -1.7645 0.0 -0.07695
0.0 0.0 0.0 -0.5 0.0 0.09242476224045156
0.0 0.0 0.0 -0.95 0.0 0.0
0.0 0.0 0.0 0.0 0.0 0.0
0.0 0.0 0.0 2.87643648405 0.0 0.0
0.0 0.0 0.0 -0.5 0.0 0.0
0.0 0.42884829 0.0 0.0 0.0 -0.052695000000000006
-0.02342098973293081 0.0 0.0 -0.31398799999999993 0.0 0.0
0.0 0.0 0.0 0.0 0.0 0.0
0.0 0.0 0.0 2.93154448405 0.0 0.0
0.0 0.3408002559195854 -0.0012863205000000003 0.0 -0.045000000000000005 0.0
0.0 0.12091189499999999 0.0 -1.355 0.0 0.0
0.0 0.0 0.0 -0.42333800000000005 -0.045000000000000005 0.0
0.0 0.0 0.0 0.0 0.0 0.0
0.0 0.0 0.0 0.0 0.0 0.0
0.0 0.0 0.0 0.0 0.0 0.0
0.0 0.0 0.0 0.0 0.0 0.0
0.0 0.0 0.0 0.0 0.0 0.0
0.0 0.0 0.0 0.0 0.0 0.0
0.0 0.0 0.0 0.0 0.0 0.0
0.0 0.0 0.0 0.0 0.0 0.0
0.0 0.0 0.0 0.0 0.0 0.0
0.0 0.0 0.0 0.0 0.0 0.0
0.0 0.0 0.0 0.0 0.0 0.0
0.0 0.0 0.0 0.0 0.0 0.0
0.0 0.0 0.0 0.0 0.0 0.0
0.0 0.0 0.0 0.0 0.0 0.0
0.0 0.0 0.0 0.0 0.0 0.0
0.0 0.0 0.0 0.0 0.0 0.0
0.0 0.0 0.0 0.0 0.0 0.0
0.0 0.0 0.0 0.0 0.0 0.0
0.0 0.0 0.0 0.0 0.0 0.0
0.0 0.0 0.0 0.0 0.0 0.0
0.0 0.0 0.0 0.0 0.0 0.0
0.0 0.0 0.0 0.0 0.0 0.0
0.0 0.0 0.0 0.0 0.0 0.0
0.0 0.0 0.0 0.0 0.0 0.0
0.0 0.0 0.0 0.0 0.0 0.0
0.661061118182573 0.0 -0.0003645000000000001 -0.047753550000000006 43.85492093183207 0.03768549634581366
-0.007618050000000001 0.0 0.0 0.0 0.0 0.0
-0.0036450000000000007 -0.004050000000000001 0.0 -6.088279950000073e-06 7.828222668942982 0.05559427362283658
-0.0855 -0.005557592453250142 -0.03772936961214932 -0.045023914845000006 -0.5 -0.04905000000000001
-0.0855 -0.0036648861488460453 -0.0033493065301174896 -0.045000000000000005 -0.5 -2.3914845000000017e-06
0.0 -0.0009877950000000003 -0.0009149814338682261 -2.6572050000000013e-05 -0.9503645000000001 0.0
0.2557188668262659 0.0 0.0 -0.004050000000000001 5.432646357852283 -0.004050000000000001
0.0 0.0 0.0 0.0 1.034796222170281 0.0
1.793570947847893 -0.009214924500000003 -0.002683703673918273 -6.088279950000073e-06 40.31833033208138 -0.0215338419779312
0.9442974975289409 -0.006262474500000002 0.0330269079768615 -0.003846081626415002 38.274362380187156 0.03498993601818813
-0.0924255 -0.009419577412757486 -0.03261094361755214 -0.04287980825280001 -0.545 -0.04779361055997579
0.0 0.0 0.0 0.0 0.0 0.0
-0.007808896279062008 0.0 0.0009814652388000005 0.16911572611174225 37.62786964018231 -3.280500000000001e-05
-0.0006925500000000001 0.0001429963319745001 0.0 0.0 0.0 0.0
-0.010982701025550002 0.48791509409357164 -0.003645000000000001 0.0 -0.465785360217446 0.0
0.0 0.0 0.0 0.05755445058955049 8.648025855865315 0.0
-2.6572050000000006e-05 0.0 1.5787797575032108 0.0 0.0 -0.0855
-2.952450000000001e-05 0.8153737855673772 0.0 0.0 0.1961540905000001 0.0
-0.011659176575550009 1.24043594809903 -0.045000000000000005 0.0 1.2000000000000002 0.0
0.0 0.0 0.09720000000000004 0.0 -0.9464289388349221 0.0
0.380747585316343 0.9500290606866963 -0.001142115601572 0.0650871049775359 35.50842881124702 -0.06935892624
0.046828919457169924 0.07419862140432693 0.8240525812879684 0.043632830513290644 41.58890587618407 -5.0486895000000006e-05
-0.007253550000000002 0.4598738740620001 -0.006232950000000002 0.015824620372005004 14.926941743605825 -0.004486510255500001
0.0 0.0 0.0 -0.045000000000000005 0.0 0.0
0.0 0.0 0.0 0.0 0.0 0.0
0.0 0.0 0.0 0.0 0.0 0.0
0.0 0.0 0.0 0.0 0.0 0.0
0.0 0.0 0.0 0.0 0.0 0.0
0.0 0.0 0.0 0.0 0.0 0.0
0.0 0.0 0.0 0.0 0.0 0.0
0.0 0.0 0.0 0.0 0.0 0.0
0.0 0.0 0.0 0.0 0.0 0.0
0.0 0.0 0.0 0.0 0.0 0.0
0.0 0.0 0.0 0.0 0.0 0.0
0.0 0.0 0.0 0.0 0.0 0.0
0.0 0.0 0.0 0.0 0.0 0.0
0.0 0.0 0.0 0.0 0.0 0.0
0.0 0.0 0.0 0.0 0.0 0.0
0.0 0.0 0.0 0.0 0.0 0.0
0.0 0.0 0.0 0.0 0.0 0.0
0.0 0.0 0.0 0.0 0.0 0.0
0.0 0.0 0.0 0.0 0.0 0.0
0.0 0.0 0.0 0.0 0.0 0.0
0.0 0.0 0.0 0.0 0.0 0.0
0.0 0.0 0.0 0.0 0.0 0.0
0.0 0.0 0.0 0.0 0.0 0.0
0.0 0.0 0.0 0.0 0.0 0.0
0.0 0.0 0.0 0.0 0.0 0.0
0.0 -0.06116310000000001 0.0 -0.045000000000000005 2.5208820297219305 -0.3114500000000001
0.0 -0.03341411999999999 -0.03751647833868255 0.0 0.0 0.0
0.0 -0.04050000000000001 -0.03645000000000001 -0.03645000000000001 2.0178117388094448 -0.5
-0.04905000000000001 -0.0413470237197642 0.08800685038026766 -0.1429245 -0.011800216200978 -0.5
0.010336678085412858 -0.008919679500000001 0.22094582443458038 0.0 0.46109815463775744 0.0
-0.04050000000000001 -0.03791412 -0.04050000000000001 -0.18102492 2.1117469224324767 -0.95
-0.03380832191458715 0.0 0.0 -0.04050000000000001 1.9928238985636737 -1.355
0.0 0.0 0.0 0.0 -7.2010255500000024e-06 0.67305
-0.011576582833064272 -0.045000000000000005 0.0 -2.6572050000000013e-05 2.400413331620512 -0.545
-0.04905000000000001 -0.0006232950000000001 0.800360678541681 0.0 -0.0003280500000000001 -0.95
-0.0855 0.0 -0.045000000000000005 -0.158805 0.0 -0.95
0.0 -0.045000000000000005 0.0 -0.04050000000000001 -0.04905000000000001 -0.5
0.0 0.0 0.0 0.0 0.0 0.01835500000000001
0.0 0.0 0.0 0.0 0.0 0.0
0.0 0.0 0.0 0.0 0.0 0.0
0.0 0.0 0.0 0.0 0.0 -0.5
-0.0006925500000000001 0.0 0.0 -0.045000000000000005 0.0 0.0
0.0 0.0 0.0 0.0 0.0 -0.02300000000000002
-0.0006925500000000001 0.0 0.0 0.0 0.0 -0.5
0.0 0.0 0.0 0.0 0.0 0.0
0.0 0.0 0.0 -0.045000000000000005 0.0 -0.5
0.0 0.0 0.0 0.0 0.0 0.0
0.0 0.0 0.0 0.0 0.0 -0.5
0.0 0.0 0.0 0.0 0.0 0.0
