0.38699518410302153 -0.0031038641100000004 0.0001078310890771381 1.6120527467637782 0.01309511535276571 -0.004304672100000001
0.0 0.0 0.0008001597625761606 0.0 8.165042534505583 0.0
-0.1 -0.0008100000000000002 6.429780000000004e-05 0.9723101190283805 0.0 0.0
4.336967172153878 0.0 0.0 0.0 0.0 0.0
-0.0885247710508 0.0 0.0 0.4991699255900644 0.0 0.0
6.997213698613724 0.0 0.0 0.0 -6.561000000000002e-06 0.0
0.0 0.0 7.122582929934346 0.14457537444239377 0.0 0.0
4.280836699609594 0.0 0.0 0.0 0.28357688503800005 0.0
-0.038971046397241006 0.0 0.0 0.6794937018430063 0.0 -0.008100000000000001
-0.1 -0.0008100000000000002 3.84194321077635 0.0 0.0 0.0
-0.1 0.0 0.0 0.030427571712293097 5.795191973469466 0.0
0.0 0.0 0.0 0.0 0.2667600000000001 0.0
-0.26676315951356944 0.0 3.3427631465064733 0.0 0.03328857000000001 0.0
-0.1 0.0 0.0 0.0 -5.314410000000001e-05 0.008301746149200002
-0.1 0.0 0.0 0.0 -0.009000000000000001 0.014959080000000003
2.8187 0.0 0.0 0.0 0.0 0.0
-0.092062 0.0 -7.290000000000002e-05 0.0 0.0 0.0
-0.1 0.0 0.10800000000000004 0.0 -5.314410000000001e-05 0.0
-0.14767492419999995 0.0 0.0 0.0 0.0 0.0
4.1178 0.0 0.0 0.0 0.0 0.0
-0.07883184020719333 0.0 0.0 0.0 0.0 0.0
6.083334077700001 0.0 0.0 0.0 0.0 0.0
0.0 0.0 0.0 0.0 0.0 0.0
0.0 0.0 0.0 0.0 0.0 0.0
-0.12524987926483575 0.0 0.0 0.0 14.29105442443417 0.0
2.2905544144746695 0.0 0.0 0.0 0.0 0.0
0.0 0.0 0.0961374470859 0.0 0.5565482661924 0.0
-0.05124774084746991 0.0 0.0 0.3943825355597615 0.0 0.0
-0.1002793477699 0.0 0.0 0.0 0.0 0.0
4.408523953182868 0.0 0.0 0.0007085880000000004 0.0 0.0
-0.09998801876788033 0.0 1.3539062510770628 0.0 0.0 0.0
0.0 0.0 0.0 0.16788779168203802 0.0 0.0
1.5931939688262848 0.0 0.0 0.0 0.0 0.0
0.0 -0.009000000000000001 -0.008742805790600522 0.06241497808697946 0.0 0.0
-0.1000729 0.10800000000000004 0.0 0.0 0.0 0.0
0.0 0.0 0.0 0.0 0.0 0.0
0.0 0.0 0.0 0.0 0.0 0.0
0.0 0.0 0.20613204963581275 0.0 0.0 0.0
0.0 0.0 0.0 0.0 0.0 0.0
2.2710000000000004 0.0 0.0 0.0 0.0 0.0
-0.1 0.0 0.0 0.0 0.0 0.0
0.0 0.0 0.0 0.0 -7.290000000000002e-05 0.0
-0.1 0.0 0.0 -0.0008100000000000002 0.0 0.0
0.0 0.0 0.0 0.0 0.0 0.0
0.0 0.0 0.0 0.0 0.0 0.0
0.0 0.0 0.02205528704577711 0.0 0.0 0.0
0.0 0.0 0.0 0.0 0.0 0.0
0.0 0.0 0.0 0.0 0.0 0.0
-0.009000000000000001 0.9629000000000001 0.0 0.0 0.0 -0.008100000000000001
0.0 3.2349 0.0 0.0 0.0 0.0
-0.007652580107437891 -0.19 0.0 0.0 22.52403287304845 0.0
0.0 0.0 0.0 0.0 9.880550111813442 0.16107010312718484
0.0 -0.05918643985903407 0.0 0.0 0.0 0.0
-0.009000000000000001 7.076918686296784 0.0 0.0 0.0 -0.0013910049000000002
0.0 3.1091665800000006 0.0 0.0 0.0 -0.0013910049000000002
0.0 2.04951 0.0 0.0 0.0 0.0
0.0 -0.1 0.0 0.0 0.0 -0.009000000000000001
-0.008100000000000001 4.103774993010001 -6.561000000000002e-05 0.0 0.0 -0.006561000000000001
0.007792920015957899 -0.271729 2.0203597962234436 0.0 0.0 0.0
0.0 4.095849 0.0 0.0 0.0 0.0
0.42654590199323694 -0.1 0.0 0.0 0.0 0.0
0.0 0.0 0.0 0.0 0.0 0.0
3.4772948627493827 -0.19 0.0 0.0 0.0 0.0
0.0 7.031591502575 0.0 0.0 0.0 0.0
1.6448156559825438 -0.19 0.0 0.0 0.0 0.0
0.0 4.53150015103646 0.0 0.0 0.0 0.0
0.10800000000000004 2.91270869073465 0.0 0.0 0.0 0.0
0.0 0.0 0.0 0.0 0.0 0.0
0.0 -0.008396975912434629 0.0 0.026349499567800007 0.0 0.0
0.0 4.908531162 0.0 0.0 0.0 0.0
0.7416750363709483 0.0 0.0 0.0 0.0 0.0
0.0 0.0 0.0 0.0 0.0 0.0
0.0 0.0 0.6751452301524692 0.0 0.0 0.0
0.0 0.0 -7.031613969000001e-05 0.0 0.0 0.0
0.0 0.0 0.0 0.0 0.0 -0.0008100000000000002
0.0 0.0 2.6739405212903558 0.0 0.0 0.0
-7.290000000000002e-05 0.7495100000000001 0.0 0.0 0.0 0.0
0.0 0.0 0.0 0.0 0.0 0.0
0.0 -0.1 0.0 0.0 3.484519963418719 0.0
0.0 0.0 0.0 0.0 0.0 -0.0013910049000000002
0.0 0.0 0.0 0.0 0.0 0.021528881325552803
0.0 -0.1 0.0 0.2785530062770111 0.0 0.0
0.008748000000000004 0.0 0.0 0.0 0.0 -0.0008100000000000002
0.0 0.0 0.0 0.0 0.0 0.0
0.0 0.0 0.0 0.0 0.0 0.0
0.0 0.0 0.0 0.0 0.0 0.0
0.0 0.0 0.0 0.058759565901930016 0.0 0.0
0.0 0.0 0.0 0.0 0.0 0.0
0.0 -0.1 0.0 0.0 0.0 0.0
0.0 -0.1 0.10800000000000004 0.0 0.0 0.0
0.0 -0.1 0.0 0.0 0.0 0.0
0.0 0.0 0.0 0.0 0.0 0.02795510374134208
0.0 0.0 0.0 0.0 0.0 -0.009810000000000003
0.10800000000000004 2.2800000000000002 0.0 0.0 0.0 0.0
0.0 0.0 0.0 0.0 0.0 0.0
0.0 0.0 0.0 0.0 0.0 0.0
0.0 0.0 -0.1 0.0 1.7005571533110178 0.0
0.0 0.0 17.920507614909084 -0.0008100000000000002 0.0 0.0
0.0 0.0 6.343189461760758 0.05919937572535277 0.0 0.0
0.0 0.0 0.0 0.0 0.0 0.0
0.0 0.4459934755680491 0.0 0.0 0.0 0.0
0.0 0.0 48.45260162330886 -0.021592980000000005 0.0 0.0
0.0 -0.009000000000000001 -0.1 0.0 0.0 0.5039495340666524
0.0 0.0 7.641666425752504 0.0 0.0 0.0
0.0 0.0 1.19993439 0.0 0.0 0.0
0.0 0.0 26.058938557870686 0.0 0.0 0.0
0.0 -0.009000000000000001 -0.1 0.0 0.0 0.0
0.0 0.0 0.0 0.0 0.0 0.0
0.09720000000000004 0.0 30.396980365561234 0.0005786802000000004 0.003175237153080002 -0.0008100000000000002
0.0 0.0 1.2000000000000002 0.0 15.97417756276026 0.0
0.0 -0.0007812904410000002 21.21363398698659 0.7852396582287479 0.0 0.0
0.0 0.0 6.544369199999999 0.0 0.0 0.0
0.0 -0.0007290000000000002 61.48618844346751 0.0 0.0 0.0
0.0 0.0 62.28507585743278 1.3032267734215437 0.0 -0.0007290000000000002
0.0 0.0 35.94679136727539 0.07938000000000002 0.0 -0.0008100000000000002
-1.0687869000000004e-06 0.0 0.0 0.0 7.1223916325082826 0.0
0.0 2.2485831502146314 -0.1 0.0 0.0 -0.009072900000000002
0.0 0.0 39.829256664508215 0.0 0.0 0.0
0.0 0.0 14.067020672584086 0.0006429780000000004 0.0 0.0
0.0 0.0 0.0 0.856699854005236 0.0 0.0
0.0 0.0 0.0 0.0 0.0 0.0
0.0 0.0 0.0 0.0 0.0 0.0
0.0 0.0 0.0 0.0 0.0 0.0
0.0 0.0 0.0 0.0 0.0 0.0
0.0 0.3019907710202776 0.0 -0.009810000000000003 0.0 -0.009000000000000001
0.0 0.0 46.443944258748296 0.0 0.0 0.0
0.0 0.0 -0.1 0.0 0.0 0.0
0.0 0.0 4.817530812853557 0.0 0.0 0.0
0.0 0.0 1.2000000000000002 0.0 0.0 0.0
0.0 0.0 0.0 0.0 0.0 0.0
0.0 0.0 0.8989999999999999 0.0 0.0 0.0
0.0 0.0 0.0 0.0 0.0 0.0
0.0 0.0 0.0 0.0 0.0 0.0
0.0 0.0 0.0 0.0 0.0 0.0
0.0 0.0 1.2000000000000002 0.0 0.0 0.0
0.0 0.0 1.2000000000000002 0.0 0.009720000000000005 0.0
0.0 0.0 55.76969657705361 0.0 0.0 -0.0008100000000000002
0.0 0.0 73.35932535175793 0.0 0.0 0.0
1.9873213004087087 0.0 0.0 0.0 0.0 0.0
0.0 0.0 5.025759256009737 0.0 0.0 -0.0008100000000000002
0.0 0.0 4.057934579385533 0.0 0.0 0.0
0.0 -0.009000000000000001 13.208563742297379 0.0 0.0 0.0
0.0 0.0 0.0 0.0 2.2896621691319026 0.0
0.0 0.0 0.0 0.0 0.0 0.0
-0.00899892168910923 0.0 -7.290000000000002e-05 -0.0025168680113275 30.079766475901764 -0.005159609211536468
-0.00899892168910923 0.5135045998826737 -0.009000000000000001 -0.1 0.0 0.0
0.0 0.0 0.0 -0.10061330351883951 0.0 -0.009000000000000001
0.0 0.0 3.4449673865762644 0.0 0.0 0.0
0.0 0.0 2.3835404734049446 -0.10900000000000001 0.0 -0.009000000000000001
0.0 0.0 0.007938000000000004 7.369693513352249 0.0 0.0
0.05383463254827994 0.0 6.170771712978087 -0.006814483542661107 0.0 0.0
-0.011359488648040268 0.0 0.0 -0.1 22.3268025870743 0.0
0.0 0.0 0.0 -0.09324810549357446 -0.0008100000000000002 0.0
0.0 0.0 0.0071442000000000025 2.75280444984274 0.0 0.0
0.0 0.0 0.0 2.3823605297424746 0.0 0.0
0.0 0.0 3.006436995149304 0.0 0.0 0.0
0.0 0.0 0.0 5.24003001444896 0.33808413013658994 0.0
0.0 0.0 0.0 1.2000000000000002 0.0 0.0
0.0 0.0 0.0 3.5590364298617443 0.0 0.0
0.0 0.0 0.0 0.0 0.007987322171544017 0.0
0.0 0.0 0.0 -0.19810000000000003 0.0 0.052138030815642916
0.0 0.0 0.0 3.982215969236458 0.0 0.0
0.0 0.0 -9.619082100000004e-08 8.065592744162203 0.0 0.0
0.0 0.0 0.0 5.2650740396115845 0.0 0.0
0.0 0.0 0.44579966403336857 0.0 0.0 0.0
1.5940428743135242 0.0 0.0 0.0 0.0 0.0
0.025521919653420006 0.0 0.0 -0.1 2.3842725797246422 0.0
0.0 0.0 0.0 0.0 0.0 0.0
0.0 0.0 0.0 3.604800065418691 0.0 0.0
0.0 0.0 0.0071442000000000025 0.0 0.0 0.0
0.0 0.0 0.0 -0.1 0.0 0.0
0.0 0.009720000000000005 0.0 0.0 0.0 0.0
0.0 0.0 0.0 0.0 0.0 0.0
0.0 0.0 0.0 0.0 0.0 0.0
0.04567717599679704 0.0 0.0 -0.1851548830706548 0.0 -0.009000000000000001
0.0 0.0 -7.290000000000002e-05 0.0 19.92560876103409 0.0
0.0 0.0 0.0 0.0 0.0 -0.009000000000000001
0.0 0.0 0.0 0.0 0.0 0.0
0.0 0.0 0.5947846206189109 -0.1 0.0 0.0
0.0 0.0 0.0 -0.10900000000000001 0.0 0.0
0.0 0.0 0.0 0.0 1.8408257713175449 0.0
0.0 0.0 0.0 0.0 0.0 0.0
0.0 0.0 0.0 0.0 0.0 0.0
0.0 0.0 0.0 0.0 0.0 0.0
0.0 0.0 0.0 0.0 0.0 0.0
0.21248190000000006 0.0 0.0 -0.1 0.0 0.0
0.0 0.0 0.0 -0.1 0.0 0.0
0.045147123772003805 0.0 0.0 6.889016784229634 0.0 0.0
0.0 0.0 0.0 0.0 0.0 0.0
0.0 0.0 0.0 1.2000000000000002 0.0 0.0
0.0 0.0 0.5441571945201789 0.0 0.0 0.0
0.0 0.0 0.0 0.0 0.0 0.0
0.0 0.0 0.0 0.0 21.888910447979583 0.0
-0.0008100000000000002 0.0 0.0 0.0 0.0 0.0
0.0 0.0 0.0 0.0 35.73324457837452 0.0
0.0 0.0 0.0 0.0 0.0 0.0
0.0 0.0 0.0 0.0 0.0 -0.0013910049000000002
0.0 0.0 0.0 0.0 9.295341451510781 0.0
-0.010036479216287083 -0.009000000000000001 0.09640406411925043 -0.014006994623625705 -0.1 -0.009000000000000001
0.0 0.0 0.0 0.0 1.2000000000000002 0.0
0.0 0.0 0.0 0.0 59.99494057271842 0.0
0.0 0.0 0.0 0.0 63.97197712329753 -0.00066531333155481
0.0 0.0 0.0 0.0 41.82166313505197 0.0
0.0 0.0 0.0 0.0 0.0 0.0
-7.290000000000002e-05 0.0 0.0 0.0 37.111873893983734 0.2220590394717219
0.3886013269961557 -0.0005904900000000002 -0.0008100000000000002 0.0 -0.19 0.0
0.0 0.0 0.0 0.0 49.53245585978151 0.0
0.0 0.0 0.0 0.155280444984274 -0.19 0.0
0.0 0.0 0.0 0.0 15.531552201749001 0.05460733509480001
-4.782969000000001e-05 0.04355606520000002 0.0 0.0 40.63154345839032 0.0
0.0 0.0 -0.0008100000000000002 0.0 64.04587449870131 0.10921467018960002
0.0 0.09720000000000004 0.0 0.0 25.35415818624042 0.1095654618867492
-5.904900000000002e-05 0.0 0.0 0.0 67.90766865694525 0.32155877966598917
-2.8242953648100008e-05 0.017468777715000286 0.0 0.06300066618047621 66.64564296724697 1.3152667501435673
-0.009000000000000001 0.0 0.0 0.0 44.72216274324713 0.0
0.0 0.0 1.6837560501934217 0.0 0.0 -0.008100000000000001
0.0 0.0 0.0 0.0 0.0 0.0
0.0 0.0 0.0 0.0 0.0 0.0
0.0 0.0 0.0 0.0 14.384210746833837 0.0
0.0 0.0 0.0 0.0 0.0 0.0
0.0 0.0 0.03400824826800001 0.0 0.0 0.0
0.0 0.053073816503642665 0.0 0.0 0.0 0.0
0.0 0.0 0.0 0.0 6.059120033803383 0.0
0.0 0.0 0.0 0.0 0.0 0.0
0.0 0.0 0.0 0.0 63.647448194287286 0.0
0.0 0.27756398798998844 0.0 0.0 64.57491532050939 0.0
0.0 0.0 0.0 0.0 16.918021272372062 0.0
0.0 0.0 0.0 0.0 0.0 0.0
0.0 0.0 0.0 0.0 0.0 -7.290000000000002e-05
0.0 0.0 0.0 0.0 0.0 0.0
0.0 0.0 0.0 0.0 19.18723100910648 0.0
2.571942093994802e-05 0.0 0.0 0.0 0.0 0.0
0.0 0.0 0.0 0.0 0.0 0.0
0.0 -0.0007290000000000002 0.0 0.0 15.471309918527218 0.0
-0.009000000000000001 0.0 15.382612195003418 0.0 -0.07340899599999999 -0.009000000000000001
0.0 0.0 0.0 0.0 0.0 0.010061099589506538
0.0 0.0 0.0 0.0 63.614191369403436 0.2220590394717219
0.0 0.0 0.0 0.0 73.233325496949 0.4393904999202299
0.0 -0.0005904900000000002 0.0 0.0 0.0 -0.019012865799871555
0.0 0.0 0.0 0.0 0.0 0.0
0.0 0.0 0.0 0.0 0.5679050589922114 -0.1
0.0 0.0 0.0 0.2636225263941893 0.0 0.0
-0.009000000000000001 -0.015455610000000002 0.0 0.0 6.744615912975793 -0.1
0.0 0.0 0.0 0.8916503617936109 0.0 -0.10900000000000001
0.0 0.0 0.0 0.0 0.0 0.6817603434786367
0.0 0.0 -0.009000000000000001 0.0 0.0 -0.10081000000000001
0.0 0.0 0.0 0.0 18.443486697411412 -0.1
0.0 0.0 1.2020833882763746 0.0 0.0 0.0
-0.008100000000000001 -0.015455610000000002 -0.009000000000000001 0.0 0.0 1.4911050000000001
0.0 0.0 -0.0008100000000000002 0.0 9.574240336908305 -0.40951000000000004
-0.005361518545893621 -0.009000000000000001 -0.007232131980000001 0.823854011699267 0.0 -0.27181
0.0 0.0 0.0 0.0 0.0 0.0
0.0 0.0 0.0 0.0 0.0 0.0
0.0 0.0 0.0 0.0 0.0 0.0
0.0 0.0 0.0 0.0 0.0 0.0
0.0 0.0 0.0 0.0 0.0 -0.1
0.0 0.0 0.0 0.0 0.0 0.5381899999999998
0.0 0.0 0.0 0.0 0.0 -0.1
0.0 0.0 0.0 0.0 0.0 0.0
0.0 0.0 0.0 0.0 0.0 0.0
0.0 0.0 0.0 0.0 0.0 -0.1
0.0 0.0 0.0 0.0 0.0 -0.1
0.0 0.0 0.0 0.006592012124810472 0.0 0.0
0.0 0.0 0.0 0.0 0.0 0.0
-0.009006561000000001 0.0 0.0 0.0 0.0 0.0
0.0 0.0 6.429780000000004e-05 0.0 0.0 0.0
0.0 0.0 0.0 0.0 0.0 0.0
0.0 0.0 0.0 0.14943690000000004 0.0 0.0
0.0 0.0 0.0 0.0 0.0 -0.1
0.0 0.0 0.0 0.0 0.0 0.5595221510000001
0.3632013902143072 -0.018078317999999996 0.0 0.0 0.0 0.0
0.0 0.0 0.0 0.0 0.0 -0.19
0.0 0.0 0.0 0.7850271068850345 0.0 -0.1
0.0 0.0 0.0 0.0 0.0 -0.10081000000000001
0.0 0.0 0.0 0.0 0.0 -0.19
0.0 0.0 0.0 0.0 0.0 0.0
0.0 0.0 0.0 0.0 0.0 0.0
0.0 0.0 0.0 0.0 0.0 0.0
0.0 0.0 0.0 0.0 0.0 0.0
0.0 0.0 0.0 0.0 0.0 0.0
0.0 0.0 0.0 0.0 0.0 0.0
0.0 0.0 0.0 0.0 0.0 0.0
0.0 0.0 0.0 0.0 0.0 0.0
0.0 0.0 0.0 0.0 0.0 0.0
0.0 0.0 0.0 0.0 0.0 0.0
0.0 0.0 0.0 0.0 0.0 0.0
0.0 0.0 0.0 0.0 0.0 0.0
0.0 0.0 0.0 0.0 0.0 0.0
