-3.0315842233663775 -0.6043528246208207 -0.5940874619489898 -0.5937916180174392 -0.6161609111528604 -0.5928619738382068
-0.4353570523011442 -0.15848562105000003 -0.14559370688340015 -0.19527834354592502 -0.2046137360924555 -0.1512163721358352
-0.9651146199511349 -0.3146969360673 -0.3288925554767085 -0.29733834354592503 -0.320501798492764 -0.32631425550000004
2.0073060616885154 -0.314087093446455 -0.23918720105798577 -0.26906579115223683 -0.2693712189955353 -0.26663474549332356
-1.226123080102974 -0.5468095100617651 -0.5857351779859754 -0.5535776069515848 -0.589804900771085 -0.56277709534305
-0.6255950000000001 -0.19222917210000004 -0.10159762101250887 -0.11830500000000002 -0.12131442757442165 -0.1286982273486123
-2.2552589093348625 -0.2940065603055001 -0.18330482582567872 -0.268204280819175 -0.1912769817853455 -0.2342926630222245
-0.5 -0.126 -0.06279983479285056 -0.0855 -0.024259856163156082 -0.09113374418422006
-1.45673195 -0.523541139500427 -0.4624650111879427 -0.46759482670048147 -0.46657504736572997 -0.486970095107549
-0.8538185610827578 -0.42138652672480437 -0.42164834785610833 -0.37967655919133253 -0.4013575264066611 -0.4255054509987606
-0.8602674813916021 -0.5467327198906383 -0.4335838886664312 -0.5428112813036834 -0.5467465602300882 -0.5425212633047211
-1.358645 -0.15848562105000003 -0.062176539792850566 -0.12202401907319951 -0.1126990730939703 -0.0855454382055
-0.03441811369623704 -0.0007881836339291648 -0.00139259028720026 0.09125335498190909 -0.045000000000000005 -0.005734848961925247
-0.47595473106920994 -0.00013896744525103454 0.0 -0.0006925500000000001 -0.0035177384938004648 -0.004050000000000001
-0.5 2.884170547190922 -0.032192864767224515 0.0 -0.045000000000000005 -0.045000000000000005
1.1384463249596373 0.0 0.0 0.0 0.0 -0.004050000000000001
-0.5 4.229779979816969 0.0 -0.006720276675731607 0.0 -0.08556232950000002
-0.5 -2.952450000000001e-06 0.0 -0.0450014665333398 0.0 0.0
-0.95 0.0 -0.004050000000000001 0.0 0.0 -0.045000000000000005
-0.50000295245 -0.00013896744525103454 0.0 -0.0450014665333398 0.0 -0.045000000000000005
-0.5 2.080620707121373 -0.041892590287200264 -0.01856897408472257 0.0 -0.004380351396109715
-0.39603449071443253 -0.08604148822380002 -0.11259141878082085 -0.12192417744159162 -0.08880351396109715 -0.09652215456366788
-0.95 3.3798008883808395 -0.045000000000000005 -0.0003052796988510001 -0.0004560587550000001 -0.01353064822675043
0.0 0.0 -0.004050000000000001 0.0 0.0 -0.08556232950000002
0.0 0.0 0.0 0.0 0.0 0.0
0.0 0.0 0.0 0.0 0.0 0.0
0.0 0.0 0.0 0.0 0.0 0.0
0.0 0.0 0.0 0.0 0.0 0.0
0.0 0.0 0.0 0.0 0.0 0.0
0.0 0.0 0.0 0.0 0.0 0.0
0.0 0.0 0.0 0.0 0.0 0.0
0.0 0.0 0.0 0.0 0.0 0.0
0.0 0.0 0.0 0.0 0.0 0.0
0.0 0.0 0.0 0.0 0.0 0.0
0.0 0.0 0.0 0.0 0.0 0.0
0.0 0.0 0.0 0.0 0.0 0.0
0.0 0.0 0.0 0.0 0.0 0.0
0.0 0.0 0.0 0.0 0.0 0.0
0.0 0.0 0.0 0.0 0.0 0.0
0.0 0.0 0.0 0.0 0.0 0.0
0.0 0.0 0.0 0.0 0.0 0.0
0.0 0.0 0.0 0.0 0.0 0.0
0.0 0.0 0.0 0.0 0.0 0.0
0.0 0.0 0.0 0.0 0.0 0.0
0.0 0.0 0.0 0.0 0.0 0.0
0.0 0.0 0.0 0.0 0.0 0.0
0.0 0.0 0.0 0.0 0.0 0.0
0.0 0.0 0.0 0.0 0.0 0.0
-0.3046642015415411 -1.760623295 -0.33700404600703704 -0.31929483960935423 -0.34528827636226306 -0.2949690520226519
-0.015654593279700004 4.544462597769509 -0.0015440827250114949 0.054344905967458314 0.0 -0.008757595932546276
-0.47765752133830097 -0.5 -0.4455198951376211 -0.4439517563531715 -0.462034024910745 -0.4625834396802776
-0.006925500000000001 -0.5 -0.0857657205 -0.03518441999999999 -0.045000000000000005 -0.0581020452851114
-0.5605607028517995 -0.9950000000000001 -0.5774401120036395 -0.5687498398835873 -0.5570384207199729 -0.5739049551190751
-0.2773657334480868 -0.67661735 -0.2984594217255175 -0.25798245155609933 -0.292324067589001 -0.25062155364456823
-0.2504320087114945 -0.9363434656424001 -0.27173094256020014 -0.25976988226018516 -0.2320017454911853 -0.27366010746914077
-0.014089133951730004 3.7735824127026305 0.0 0.0 -0.010570500000000002 -0.006595582983469201
-0.4106528881751102 -1.4 -0.4068791940096338 -0.3660613871357929 -0.372841792992429 -0.385494941529154
-0.4724904131422243 -0.503507691068 -0.41227260332312865 -0.4625720202717199 -0.46191259914626276 -0.4618450780105776
-0.380518951716276 -1.00913 -0.3552966208957144 -0.36346213055693133 -0.35639760286527233 -0.4075531589810252
-0.045000000000000005 -0.0999500000000001 -0.045000000000000005 -0.0017549999999999868 -0.046061957591550004 -0.09803824968160026
-0.000559561432878 -0.1895 -0.04953253568947009 -0.027966785017972146 -0.045000000000000005 -0.011008657898353785
0.254974376060006 -0.5031665978000001 -3.280500000000001e-05 -0.05269502268346964 -0.014657730394500005 -0.010613166599271978
0.2902328917115531 -0.5 -0.086123295 -0.030454563893887766 -0.01097817584630849 -0.045897311925
0.0 0.0 0.0 0.0 0.0 0.0
0.1866104922726463 -0.95 -0.0855 -0.04148568599761314 -0.012402513167170885 -0.004050000000000001
-0.019080416744999988 -0.5 -0.0855 -0.01690428075648469 -0.011799528795000003 -0.048645
0.08336397173344871 -0.9936665978000001 -0.049204485689470084 -0.05269502268346964 -0.04559140418614621 -0.045897311925
-0.000559561432878 -0.545 -0.08583052972995002 -0.0031836159485934303 -0.045000000000000005 -0.004050000000000001
-0.019584022034590188 -0.500016767 -0.04923401018947008 0.17109708010018343 -0.04505609655 -0.045897311925
0.8712741439775694 -0.5 -0.014553941261431155 -0.003409981437690515 -0.008023050000000002 -0.0004826308050000002
-0.019080416744999988 -0.95 -0.049204485689470084 0.12194585014898848 -0.05222074500000001 -0.04628824287705
-0.0003645000000000001 -0.5052291840756601 0.0 -0.01690428075648469 -0.01097817584630849 0.0
0.0 0.0 0.0 0.0 0.0 0.0
0.0 0.0 0.0 0.0 0.0 0.0
0.0 0.0 0.0 0.0 0.0 0.0
0.0 0.0 0.0 0.0 0.0 0.0
0.0 0.0 0.0 0.0 0.0 0.0
0.0 0.0 0.0 0.0 0.0 0.0
0.0 0.0 0.0 0.0 0.0 0.0
0.0 0.0 0.0 0.0 0.0 0.0
0.0 0.0 0.0 0.0 0.0 0.0
0.0 0.0 0.0 0.0 0.0 0.0
0.0 0.0 0.0 0.0 0.0 0.0
0.0 0.0 0.0 0.0 0.0 0.0
0.0 0.0 0.0 0.0 0.0 0.0
0.0 0.0 0.0 0.0 0.0 0.0
0.0 0.0 0.0 0.0 0.0 0.0
0.0 0.0 0.0 0.0 0.0 0.0
0.0 0.0 0.0 0.0 0.0 0.0
0.0 0.0 0.0 0.0 0.0 0.0
0.0 0.0 0.0 0.0 0.0 0.0
0.0 0.0 0.0 0.0 0.0 0.0
0.0 0.0 0.0 0.0 0.0 0.0
0.0 0.0 0.0 0.0 0.0 0.0
0.0 0.0 0.0 0.0 0.0 0.0
0.0 0.0 0.0 0.0 0.0 0.0
-0.7579470654466443 -0.7523548459987731 -1.2095590025930012 -0.794708288990959 -0.7963329513464444 -0.7470834550005361
0.0 -0.045000000000000005 -0.3576984974136057 -0.015473225413336223 -0.017839620350805736 -0.08550642638840916
-0.4341395874199059 -0.41382520195500005 -0.9431202376506108 -0.4283813072725382 -0.4421910959296448 -0.4048372771725806
-0.04900060255500001 -0.0482181705 -0.5467165076607787 -0.16171045846034618 -0.12836925000000002 -0.08623555878852895
-0.20850104611990733 -0.2492762430184608 -0.9754844962721729 -0.19327494805268006 -0.21361972807937438 -0.21626874092032028
0.0 0.0 1.5179755307989042 0.0 0.0 -0.004008017010895752
-0.458827674864306 -0.4176138529721245 -0.6781644892545964 -0.40205632107465783 -0.4151786914685336 -0.44597246991168654
-0.0893659354056 -0.0855 -0.26417796185477527 -0.16360230526160102 -0.0734661674940326 -0.09446583638840918
-0.5098229688669235 -0.5149306785897472 -0.9330475618089916 -0.5665900944114228 -0.5279370281271278 -0.49562072503635163
-0.5087643237584527 -0.5268619378259258 4.767828998821706 -0.5819272143404439 -0.5433644878341828 -0.5042702674851087
-0.1878620427092677 -0.1967373353650455 -1.333312926412611 -0.24459816346034619 -0.2532612296750816 -0.1627927929127712
-0.004003259760000001 -0.0003645000000000001 -0.5100291460591012 -0.00032021325000000005 -0.06397462276807707 0.0
-0.14569836290550003 -0.17041876775562687 -0.16610256433176665 -0.15655186107000002 1.4330818576969793 -0.1465973702579605
0.0 -0.045000000000000005 -0.5 -0.045000000000000005 -0.024983796138071376 0.0
-0.19845219994207317 -0.17753404173759313 -0.95 -0.195255 1.649570788652908 -0.18689928987380333
-0.007018839380081242 0.0 -0.95 -6.232950000000001e-05 -0.043152950440874804 0.0
-0.14935881757622313 -0.15985267804239195 -0.95 -0.19525715233605 1.1344804287386834 -0.15443463939030455
0.0 0.0 0.0 0.0 -0.004050000000000001 0.0
-0.11508701479811709 -0.1297508510820109 -0.95 -0.12195239148450002 2.3033696413226084 -0.11837485791945004
-0.14508138094207315 -0.141085632212595 -0.16268051675744666 -0.11776138644710675 -0.1657305 -0.12202201025550005
-0.08797272053661738 -0.09174206328352483 -1.355 -0.0891773388045 2.743254099755618 -0.05482303365119823
-0.13325386381059612 -0.10745959855500001 -0.5 -0.12793418280000002 1.1076801659164532 -0.12199855301242586
-0.05958405000000002 -0.017847025075692923 -1.2204503983642505 -0.087649092 1.403871883175359 -0.04502657205000002
0.0 0.0 0.0 0.0 0.0 -2.6772908125950017e-07
0.0 0.0 0.0 0.0 0.0 0.0
0.0 0.0 0.0 0.0 0.0 0.0
0.0 0.0 0.0 0.0 0.0 0.0
0.0 0.0 0.0 0.0 0.0 0.0
0.0 0.0 0.0 0.0 0.0 0.0
0.0 0.0 0.0 0.0 0.0 0.0
0.0 0.0 0.0 0.0 0.0 0.0
0.0 0.0 0.0 0.0 0.0 0.0
0.0 0.0 0.0 0.0 0.0 0.0
0.0 0.0 0.0 0.0 0.0 0.0
0.0 0.0 0.0 0.0 0.0 0.0
0.0 0.0 0.0 0.0 0.0 0.0
0.0 0.0 0.0 0.0 0.0 0.0
0.0 0.0 0.0 0.0 0.0 0.0
0.0 0.0 0.0 0.0 0.0 0.0
0.0 0.0 0.0 0.0 0.0 0.0
0.0 0.0 0.0 0.0 0.0 0.0
0.0 0.0 0.0 0.0 0.0 0.0
0.0 0.0 0.0 0.0 0.0 0.0
0.0 0.0 0.0 0.0 0.0 0.0
0.0 0.0 0.0 0.0 0.0 0.0
0.0 0.0 0.0 0.0 0.0 0.0
0.0 0.0 0.0 0.0 0.0 0.0
0.0 0.0 0.0 0.0 0.0 0.0
-0.3856492734962615 -0.39703819044362465 -0.4037699736241833 -0.95 -0.40265379520123074 -0.41282429259136566
-0.04050000000000001 -0.010975500000000001 -0.0076950000000000005 0.12126033739064812 1.9464192901176056 -0.006610721988510001
-0.582534597986773 -0.5092304158102843 -0.48806670395898594 -0.6030502520385513 -0.48403163058001136 -0.511479441672621
-0.6127534393454978 -0.48565564175869386 -0.48225530923395277 -0.5855002520385515 -0.48983645985319885 -0.509006676111928
-0.37770734639516557 -0.36561556613875945 -0.33266119098766017 -1.7562828717816243 -0.33912621569096574 -0.342557595872081
-0.0080090901635805 -0.0006925500000000002 -0.0041754027635399265 -0.95 0.8998215046529688 -0.027270796653899997
-0.34492502986479645 -0.179206793087784 -0.19929210928198265 -0.9500028004283495 -0.20422785355821574 -0.3571412837335657
-0.2031362499890039 -0.238415575319131 -0.24469319126666006 -0.9689580715233606 -0.23124341646097202 -0.3597500685535657
-0.0008890155000000002 -0.08427091190781602 -0.012411013725653276 -1.7201276676526085 -0.011175794372876718 -0.0001676700000000002
-0.007697593727325001 -0.00410064017921271 -0.08112540276353994 -1.0322452071938335 0.07208919582850239 -0.00964197675
-0.23577830184013762 -0.08427091190781602 -0.14549744639842252 -1.359093567697998 -0.08207394945203463 -0.20798285199401884
-0.20297330184013762 -0.08942999380200001 -0.06867320556236368 -0.1015215225825743 0.8402996854814453 -0.1910274742387188
-0.045050486895000005 -0.04958424222166101 -0.023776016566929778 -1.3552881919250002 1.1151685147211037 -0.01021389193699493
-0.045000000000000005 -0.004050000000000001 -0.01984151281676266 -0.5000162948148866 3.0446519324443133 -0.003645000000000001
-0.045000000000000005 2.2184417920704527 -0.0146412465081702 -0.8518441999999997 -0.006695950481314621 -0.007290000000000002
-0.045000265720500005 -5.036052895902001e-05 -0.0076950000000000005 -0.22067783124031448 2.945906045309051 -0.04860216531675001
-0.040864500000000005 0.9299686965622993 -0.0040523914845000016 -0.5 -0.0040501358127 -0.04860216531675001
0.0 -0.004050000000000001 -0.0146412465081702 -0.5 0.0 -0.003645000000000001
0.0 0.0 0.23044400115606586 -1.355 0.0 0.0
-0.045000265720500005 -0.0012680220556557005 -0.008023050000000002 -0.5 2.7158680936282784 -0.04860216531675001
0.0 3.010599757534195 0.0 -0.01949999999999985 0.0 0.0
0.0 -0.04905000000000001 0.03418515814880544 -0.10194441836210255 -0.000364957601925816 0.0
0.0 2.2358343229222593 0.0 -0.95 -6.9745759155e-05 -0.044780451333417404
-0.0056519851313565515 -3.3052972995000015e-05 -0.008023050000000002 -0.5 2.0108576735954498 -0.004050000000000001
0.0 0.0 0.0 0.0 0.0 0.0
0.0 0.0 0.0 0.0 0.0 0.0
0.0 0.0 0.0 0.0 0.0 0.0
0.0 0.0 0.0 0.0 0.0 0.0
0.0 0.0 0.0 0.0 0.0 0.0
0.0 0.0 0.0 0.0 0.0 0.0
0.0 0.0 0.0 0.0 0.0 0.0
0.0 0.0 0.0 0.0 0.0 0.0
0.0 0.0 0.0 0.0 0.0 0.0
0.0 0.0 0.0 0.0 0.0 0.0
0.0 0.0 0.0 0.0 0.0 0.0
0.0 0.0 0.0 0.0 0.0 0.0
0.0 0.0 0.0 0.0 0.0 0.0
0.0 0.0 0.0 0.0 0.0 0.0
0.0 0.0 0.0 0.0 0.0 0.0
0.0 0.0 0.0 0.0 0.0 0.0
0.0 0.0 0.0 0.0 0.0 0.0
0.0 0.0 0.0 0.0 0.0 0.0
0.0 0.0 0.0 0.0 0.0 0.0
0.0 0.0 0.0 0.0 0.0 0.0
0.0 0.0 0.0 0.0 0.0 0.0
0.0 0.0 0.0 0.0 0.0 0.0
0.0 0.0 0.0 0.0 0.0 0.0
0.0 0.0 0.0 0.0 0.0 0.0
-0.7837567065801689 -0.7730449696679225 -0.7624081798360807 -0.7991132307020755 -1.14168695 -0.7363563520126178
-0.04819500000000001 -0.04500150903 -0.1191516655008139 -0.15481149008873477 -0.5 -0.09003401550000001
-0.4355125416749898 -0.454278485157453 -0.37955717994958693 -0.4662656493117182 -0.9282168531823913 -0.39796183368609495
-0.24910116345000005 -0.15896247453 -0.24597513167170887 -0.26459324855181965 -0.5 -0.16286367105000005
-0.8602424733324303 -0.8606616749403261 -0.8612188974096023 -0.8710538431324453 -1.349375 -0.8272211783419998
-0.12127910039518097 -0.07695454382055002 0.00843909215290281 -0.17355689107986128 4.614121194372087 -0.08418745741813381
-0.8806000835508857 -0.8635394551330267 -0.8725605713578498 -0.8899340214634108 -0.8828189386533796 -0.7275663367094499
0.0 -0.04500150903 -3.7578624871859346e-05 -7.201025550000002e-05 7.58562411599053 -0.036252
-0.8696692189981957 -0.8755703174732216 -0.869683769078463 -0.8902247441567126 -1.355 -0.8438380306596747
-0.7758870050664873 -0.7791327804680624 -0.7743391128819588 -0.7785746596247016 -1.2619211613337453 -0.722654644951742
-0.7850482720195384 -0.7506870917369871 -0.7271748659018112 -0.807662838828461 -0.8762616950000001 -0.7269690742993176
-0.30199604710500005 -0.2948065804413 -0.2993859198378557 -0.3994509047658149 -0.4990938221097938 -0.33160450858690504
-0.165722335134193 -0.185572291112331 -0.18882332055 -0.17707508501286753 -0.6020853967126462 -0.24570910877175003
-0.02868257781345443 -0.04531569219612 0.0 0.0 0.0 -0.0040550844658424
-0.12101269633905644 -0.08609981517262799 -0.11830500000000001 -0.10115956653477531 -0.9924475199998998 -0.1361817512325
0.0 -4.343677245000002e-05 0.0 -0.007301286248718595 -0.5 0.0
-0.2955964869957244 -0.26105792314101683 -0.23074404017735461 -0.31949021407856343 -0.47096501488740217 -0.32297346526154147
-0.46763237101590693 -0.44964331574634897 1.155631608326038 -0.4794772271208311 -0.95 -0.464292614998082
-0.26426538284072437 -0.25401672014519744 0.046128212785782136 -0.2659766647280911 -0.2690822893773559 -0.3382930771967525
-0.0007749528795 0.0 -0.0076950000000000005 -0.07751678149434409 6.5654324349968025 -0.0040550844658424
-0.4508634396311834 -0.44931814454282865 0.7222462400859042 -0.46261768712769225 -0.9696724271122505 -0.5042429540358014
0.016327160576055003 -0.0013453695000000005 -3.8742048900000014e-08 0.02664123774779172 4.245828937121873 -0.018724114157404742
-0.29345247580877154 -0.2775946456612571 -0.27566077995000005 -0.327894685009254 -0.9784086538958118 -0.3385160433506127
0.0 0.0 0.0 0.0 7.843330853746058 -0.08639731192500001
0.0 0.0 0.0 0.0 0.0 0.0
0.0 0.0 0.0 0.0 0.0 0.0
0.0 0.0 0.0 0.0 0.0 0.0
0.0 0.0 0.0 0.0 0.0 0.0
0.0 0.0 0.0 0.0 0.0 0.0
0.0 0.0 0.0 0.0 0.0 0.0
0.0 0.0 0.0 0.0 0.0 0.0
0.0 0.0 0.0 0.0 0.0 0.0
0.0 0.0 0.0 0.0 0.0 0.0
0.0 0.0 0.0 0.0 0.0 0.0
0.0 0.0 0.0 0.0 0.0 0.0
0.0 0.0 0.0 0.0 0.0 0.0
0.0 0.0 0.0 0.0 0.0 0.0
0.0 0.0 0.0 0.0 0.0 0.0
0.0 0.0 0.0 0.0 0.0 0.0
0.0 0.0 0.0 0.0 0.0 0.0
0.0 0.0 0.0 0.0 0.0 0.0
0.0 0.0 0.0 0.0 0.0 0.0
0.0 0.0 0.0 0.0 0.0 0.0
0.0 0.0 0.0 0.0 0.0 0.0
0.0 0.0 0.0 0.0 0.0 0.0
0.0 0.0 0.0 0.0 0.0 0.0
0.0 0.0 0.0 0.0 0.0 0.0
0.0 0.0 0.0 0.0 0.0 0.0
-0.6059227026585473 -0.5901482971051893 -0.6428930573961741 -0.6405432871444402 -0.5940174930946458 -0.95
-0.13138992579949252 -0.0908217 -0.15034053585278256 -0.14284848961925248 -0.11828671511498744 -0.9506925500000001
-0.66051801045509 -0.6757003902949128 -0.6848411644593698 -0.7069422973571002 -0.6558444685814784 -1.089313885351114
-0.11792407332524418 -0.16245 -0.11466684390278256 -0.12231842109281983 -0.1861344557792064 -0.5099701325
-0.6535014825815593 -0.662661083293368 -0.6776438522406195 -0.6955095643286008 -0.6652528050560097 -0.9500714043156573
-0.25527045944603505 -0.30313460700000006 -0.26318017730908 -0.285756378732405 -0.3166343352769806 -0.5002952450000001
-0.24656540516741177 -0.24885815130000005 -0.2891319142191566 -0.2973426135928198 -0.2997116095786846 -2.08694824154132
-0.195255 -0.19676403000000003 -0.21197945522273184 -0.158791028715 -0.18790712711118385 -0.5400240590750001
-0.7963556337085848 -0.790769167458567 -0.811824945436203 -0.801566841127297 -0.7968173530540607 -0.9506925500000001
-0.424824539272067 -0.41057242542000005 -0.45261980182717354 -0.4623925827087627 -0.4520315130749697 -1.36397311925
-0.10017174946192156 -0.05162704315657202 -0.09269384366993622 -0.07153830135 -0.032356669500000004 -0.11077925
0.0 -0.0855 0.0 0.0 -6.27711832395e-05 -0.02442013250000008
-0.005595888581356552 -0.04547062656680941 0.0 -0.008405030249165574 0.0 -0.5
0.0 0.0 0.0 0.0 0.0 0.0
0.0 0.0 0.0 0.0 0.2968633916998993 0.0
-0.00099472475939703 0.0 0.0 0.0 0.0 -0.5
-0.12228237736199545 0.1122363749624184 -0.04616527701817271 -0.00804869944218 -0.04491844398988145 -0.5
-4.089438495000001e-06 -0.04547062656680941 -2.881919250000001e-05 -2.9747675695500017e-06 0.0 -0.5000056494064916
0.0 0.0 0.0 0.0 0.0 0.0
0.0 0.0 0.0 0.0 0.0 0.0
0.0 0.0 0.0 -0.005063444517481121 1.6024125920389583 -0.5
0.0 0.0 0.0 0.0 0.0 0.0
0.0 0.0 0.0 0.0 0.0 -0.5
0.0 0.0 0.0 0.0 0.0 0.0
0.0 0.0 0.0 0.0 0.0 0.0
0.0 0.0 0.0 0.0 0.0 0.0
0.0 0.0 0.0 0.0 0.0 0.0
0.0 0.0 0.0 0.0 0.0 0.0
0.0 0.0 0.0 0.0 0.0 0.0
0.0 0.0 0.0 0.0 0.0 0.0
0.0 0.0 0.0 0.0 0.0 0.0
0.0 0.0 0.0 0.0 0.0 0.0
0.0 0.0 0.0 0.0 0.0 0.0
0.0 0.0 0.0 0.0 0.0 0.0
0.0 0.0 0.0 0.0 0.0 0.0
0.0 0.0 0.0 0.0 0.0 0.0
0.0 0.0 0.0 0.0 0.0 0.0
0.0 0.0 0.0 0.0 0.0 0.0
0.0 0.0 0.0 0.0 0.0 0.0
0.0 0.0 0.0 0.0 0.0 0.0
0.0 0.0 0.0 0.0 0.0 0.0
0.0 0.0 0.0 0.0 0.0 0.0
0.0 0.0 0.0 0.0 0.0 0.0
0.0 0.0 0.0 0.0 0.0 0.0
0.0 0.0 0.0 0.0 0.0 0.0
0.0 0.0 0.0 0.0 0.0 0.0
0.0 0.0 0.0 0.0 0.0 0.0
0.0 0.0 0.0 0.0 0.0 0.0
