-2.3420342520500004 -0.03280500000000001 0.4943478003255307 0.0 0.0 -0.08211420000000001
6.207191003551966 0.0 -0.0003280500000000001 0.0 0.00744230131231103 -0.048790917
-0.95 0.0 -0.012354948663975978 -0.045000000000000005 -0.027086400000000007 -0.03360896109648001
-0.507390278 -0.045000000000000005 -0.0001992014622562866 -0.03645000000000001 -3.280500000000001e-05 -0.043218000000000006
-0.5 0.0 0.5014753970092312 0.0 0.0 0.0
-0.3849189690763265 -0.045000000000000005 1.3822404730087925 -0.0855 -0.04500283553298001 -0.027324787050000004
-0.5 0.0 0.10675819950305884 0.0 0.0 -0.003280500000000001
-0.5 0.0 0.0 0.0 -0.006925500000000001 -0.024713325028043333
-0.2530651931505501 -0.045000000000000005 -0.04028425340118753 -0.04050000000000001 -0.010416538845000002 -0.04686300000000001
2.2349970475500003 0.0 0.0 0.0 -3.150592200000001e-05 0.0
-1.7195 -0.045000000000000005 -0.021202133163975987 -0.045000000000000005 -0.04502835532980001 -0.05622449400000001
0.0 5.7395628000000034e-05 0.0 0.0 0.0 0.0
-0.500032805 3.8200248150444533 0.0 0.0 0.0 0.0
14.626652029492249 0.0 0.0 0.0 0.0 0.0
-0.5 0.0 0.0 0.0 0.0 0.0
4.7896668544448 0.0 0.0 0.0 0.0 0.0
0.0 0.0 0.0 0.0 -0.044977529611638006 0.0
9.072951369126512 0.0 0.0 -0.00036431798985426785 0.0 -0.04050000000000001
-0.5 0.0 0.0 0.0 -0.044977529611638006 0.12758398650000002
-0.5005609655 0.0 0.0 -0.0007528051499925406 0.0 0.0
-0.19035967196311654 0.011782633813174478 0.0 0.0 0.0 0.0
0.0 0.0 0.0 0.0 0.0 0.0
-0.5 0.23764198958594282 0.0 0.0 0.0 0.0
-0.5 0.0 0.0 0.0 0.0 0.0
-0.3440983085411564 0.0 1.0029489377598173 0.0 -0.011842605000000003 0.0
0.0 -0.00029524500000000013 0.006730824267900004 0.0 -0.006232950000000001 0.0
0.0 0.0 0.0 0.0 0.0 0.09401485589730003
0.0 0.0 0.008452755000000005 0.0 0.0 0.0
0.0 0.0 0.0 0.0 0.0 0.0
0.0 0.0 0.3863546809404945 0.0 0.0 0.0
0.0 0.0 0.0 0.028988037954122872 0.0 0.0
0.0 0.0 0.0 -0.0855 0.0 0.0
-1.096669778 0.0 0.0 0.0 0.0 -0.043218000000000006
0.0 0.0 0.0 0.0 0.0 0.0
0.0 0.0 0.0 0.0 0.0 0.0
0.0 0.0 0.0 0.0 0.0 0.0
0.0 0.0 0.0 0.0 0.0 0.0
3.260910160319024 0.0 0.0 0.0 0.0 0.0
0.0 0.0 0.0 0.0 0.0 0.0
0.0 0.0 0.0 0.0 0.0 0.0
-0.5 0.0 0.0 0.0 0.0 0.0
0.6307455852919102 0.0 0.0 0.0 0.0 0.0
0.0 0.0 0.0 0.0 0.0 0.0
-0.5000295245 0.0 0.0 0.0 0.0 0.0
0.0 0.0 0.0 0.0 0.0 -0.045000000000000005
0.0 0.0 0.0 0.0 0.0 0.0
-0.5 0.0 0.0 0.0 0.0 0.0
0.0 0.0 0.0 0.0 0.0 0.0
-0.06604483068 -0.5 0.0 0.0 -0.004079524500000001 0.0
0.0 8.506583727844145 0.13091815347971641 0.0 0.0 0.0
-0.045000000000000005 -1.312913546083973 1.1415678372999252 -2.6572050000000013e-05 0.0 0.0
0.0 0.0 -0.019781316902202903 -0.0855 0.0 -0.07468983870820863
-0.0855 -0.06349999999999989 2.9788930995686944 -0.060693300000000006 -0.038896200000000006 -0.005909121861985944
0.0 10.109698424049087 0.4609144053657014 -3.388231619999996e-06 -0.039565422 0.0
-0.0027997245 -0.5275987643750001 0.6435517723125357 0.06323009255101929 -0.043218000000000006 -0.06925500000000001
0.0 6.764881519682204 0.0 0.0 0.0 0.0
-0.07881914890080001 -0.9950000000000001 -0.064336933125 -0.0855 -0.004647779999999995 -0.004050000000000001
0.0 0.0 0.0 0.0 0.0 0.0
-0.0855 -0.9091437335839729 0.36079388314893257 -0.06887879999999999 -0.043218000000000006 -0.004050000000000001
0.0 2.3051505913387995 0.0 -0.0855 0.0 0.0
-0.003280500000000001 -0.5 0.0 0.5070972878636546 0.0 -0.04442604372
0.0 9.814731212639831 0.0 0.0 0.0 0.0
-1.7928131603065798e-05 0.279451014875548 30.446504234860427 0.0 0.09122809386238091 0.0
0.0 19.684944886093724 0.0 0.0 -0.015313050000000005 0.0
0.0 -0.3425 0.0 0.0 -5.048689500000001e-06 -2.3329400645249103e-06
0.0 13.799063264535057 0.0 0.0 -0.008059500000000002 0.0
-1.7928131603065798e-05 -0.2652578111931213 0.0 -0.08326876546787063 0.0 -0.045000000000000005
0.0 0.0 0.0 0.0 -0.0076950000000000005 0.0
0.0 -0.95 0.0 0.0 -5.048689500000001e-06 0.0
0.0 1.2000000000000002 0.0 0.0 0.0 0.0
0.0 -0.42296848881153304 0.0 0.0 0.0 0.0
0.0 10.023844187641657 0.0 0.0 0.0 0.0
0.0 0.0 0.0 0.0 0.0 -6.232950000000001e-05
0.0 0.0 0.0 0.0 0.0 0.0
0.0 -0.50405 0.0 0.0 0.0 0.0
0.0 3.5725724794075866 0.3825569236573852 0.0 0.0 0.0
0.0006984184500000005 0.0 0.0 -0.0855 0.0 0.0
0.0 8.356815364841045 0.003490320780000001 0.0 -0.015313050000000005 0.0
0.0 0.0 0.0 -0.03851999999999999 0.0 0.0
0.0 0.0 0.0 0.0 0.0 0.0
0.0 0.0 0.0005467500000000001 0.0 0.0 0.0
0.0 0.0 0.0 0.0 0.0 0.0
0.0 0.0 0.0 0.0 -0.043218000000000006 -0.004050000000000001
0.0 0.0 0.0 0.0 0.0 0.0
0.0 0.0 0.0 0.0 0.0 0.0
0.0 1.2000000000000002 0.0 0.0 0.0 0.0
0.0 -0.7590064765915147 6.940153013084797 0.0 0.0 0.0
0.0 0.0 0.0 0.0 0.0 0.0
-0.04566512502 -0.5 0.0 0.0 0.0 0.0
0.0 0.0 0.0 0.0 0.0 0.0
0.0 -0.507695 0.0 0.0 -0.0013793516317490567 0.0
0.0 0.0 0.0 0.0 0.0 -0.045000000000000005
0.0 0.0 0.0 0.0 0.0 0.0
0.0 0.0 0.0 0.0 0.0 0.0
0.0 -0.5 0.0 0.0 0.0 0.0
0.0 0.0 0.0 0.0 0.0 0.0
-0.0774641925 -0.10100772482287296 -0.2148792573775109 -0.08550295245 -0.10732951451575289 -0.07970879788319127
0.0 0.0 1.201763818323706 0.0 0.0 0.0
0.02348693388893003 0.0 14.919947826988386 0.0 0.0 0.0
0.0 0.0 30.02828767054621 0.0 0.0 0.0
-0.09629325724561326 -0.0680952972184241 -0.22240735284906743 -0.12600295245 -0.08145000000000001 -0.10265206858119423
-0.04345097571781957 -0.045000000000000005 36.574373434824146 -0.032762106014146954 -0.04050000000000001 0.009361230749999989
0.015872407693930148 -0.003500658000000001 14.713513221806185 -0.04050000000000001 0.0 0.0
0.0 0.0 5.033685554804341 0.0 0.0 0.0
0.017657564038205627 0.0 5.936705681416992 0.0 0.0 0.0
0.0 0.0 0.0 0.0 0.0 0.0
0.011937189779302262 0.0 22.510094314364927 0.0 0.04010228712645236 0.0
0.0 0.0 16.993731093336496 0.0 0.0 0.06673129032421266
0.07478693631000004 8.049384902492623 2.2488517854044288 0.0 -0.010975500000000003 0.0
0.0 0.0 4.992927653431389 0.0 0.0 0.0
0.0 7.5346425399834045 -0.50405 -0.000663658312499997 -0.004078355329800001 0.0
1.1898963156659732 0.0 41.495014196008896 0.0 -0.004079524500000001 0.0
-0.003528875906009999 0.03941519294049313 39.030829267990846 0.28053401858886845 1.2783598367152724 0.036558066118076056
-0.0019871332812486453 1.1711157761417754 46.11943904561372 -8.978013201567976e-06 0.5210321838330031 0.09600643151692423
-0.0027188127899999996 0.0 25.962869278729396 0.0 -0.04050000000000001 0.046428714748088906
0.0 0.0 13.889341504279573 0.0 0.3027870174921361 -0.04148750304
-0.0024469315109999995 -0.005756778864000001 24.996387512642677 0.13651369192839433 0.22579056480762083 0.0551733972023262
0.0 0.0 0.0 0.0 -0.004054543820550001 0.0
0.0 0.0 15.24038502224369 0.0 -0.004054543820550001 -0.0023586332746641236
1.9201381934547763 0.0 0.0 0.0 -0.007343144100000002 0.0
0.0 -0.005714999999999991 0.0 0.0 -0.031421676558007365 0.0
0.0 0.0 0.0 0.0 0.0 0.0
-0.0056308629535256755 -0.005462397000000001 0.0 -0.08550295245 -0.045000000000000005 0.32419820343537803
0.0 0.0 0.0 0.0 -0.04193034635269048 0.0
0.0 0.0 15.533402767697362 0.0 0.0 0.0
0.0 0.0 32.94818613132587 0.0 0.12445605918681568 -0.045000000000000005
0.0 0.0 0.0 0.0 -0.0076950000000000005 0.0
0.0 0.0 1.2242426960045831 0.0 0.0 0.0
0.0 0.0 1.19977032182862 0.0 0.0 0.0
0.0 0.0 1.2000000000000002 0.0 0.0 0.0
0.0 0.1791113037424766 0.0 -0.045000000000000005 -0.004079524500000001 0.0
0.0 0.0 0.0 0.0 0.0 0.0
0.0 0.0 -0.4887989546731866 0.0 0.0 0.0
0.0 0.0 1.2000000000000002 0.0 0.0 0.0
-0.003677805000000001 0.0 0.0 0.0 0.0 0.03009193103289514
0.0 0.0 1.199999191978812 0.0 0.0 -0.026397757223468744
0.03129855267081736 0.0 31.882724893313274 0.0 0.17717120007726642 0.0
1.9271830429741945 -0.0038896200000000008 -0.5 -0.03637128922609316 -0.0855 -0.04526791973848261
-0.0076950000000000005 0.0 -0.5 0.0 0.0 0.0
0.0 0.0 0.0 0.0 -0.004050000000000001 0.0
0.0 0.0 6.716573073022896 0.0 -0.045000000000000005 0.0
0.0 0.0 0.0 0.0 0.0 0.0
0.0 0.0 0.0 0.009392276378194259 0.0 0.0
0.0 0.0 1.2000000000000002 0.0 0.0 0.0
0.0 -0.006925500000000001 1.354171624523447 -0.5 0.0 0.0
-0.00404797766504742 0.0 0.0 -0.42674763299961094 -0.008364501666583783 0.0
-0.00029524500000000013 0.0 1.2660016062193917 -0.95 -3.7647017999999956e-05 0.0
0.0 -0.046830116718562506 0.0 3.988973904907631 0.0 0.0
0.0 -0.012576764163572542 3.2902170432884583 -0.950032805 0.0 0.0
-0.00404797766504742 -0.03725405535343278 7.6138908829956335 -0.4793762701937958 -0.008364501666583783 -0.006232950000000001
-0.04282063917647712 -0.0003645000000000001 5.765529339382602 -1.9125322338292583 -0.007783588951755859 -0.006232950000000001
0.0 -0.0038896200000000008 -0.003645000000000001 -0.8305750198985427 0.0 -0.006232950000000001
0.0 -0.0031505922000000007 -0.006925500000000002 -0.4880531362232686 -0.024267441872430254 -0.032437743467732205
0.0 0.0 0.0 -0.5 0.0 0.0
-0.045000000000000005 -0.04771066647825001 1.0029296295219288 -0.31039306479839257 -0.026226341547914617 -0.005609655000000001
-0.045000000000000005 0.0 0.0 0.0 0.0 0.0
0.0 0.0 0.0 -0.95 0.0 0.47993237825218316
0.0 0.0 0.0 0.0 0.0 0.0003096792000000002
0.0 0.0 0.0 0.0 0.0 0.28342796350571997
-6.775246349932866e-05 0.0 -0.0037338752736 0.0 0.0 0.0
0.0 0.0 0.0 -0.95 0.0 0.0
0.0 0.0 -2.5519796820000018e-06 -0.42800000000000016 -0.04500295245000001 0.0
-0.0010658344500000002 1.8937964216136767 0.0 -0.95 -3.7647017999999956e-05 0.0
0.0 0.0 0.0 0.0 0.0 0.14501715958129494
0.0 0.0 0.0 -0.965795 0.0 1.2107015977209934
0.0 0.0 0.0 0.0 0.0 0.0
0.0 0.0 1.3227462818817775 -0.052751751790868884 0.0 0.0
0.0 0.0 0.0 0.0 0.0 0.0
0.0 0.0 0.0 0.0 0.0 0.0
0.0 0.0 0.0 0.0 0.0 0.0
0.0 0.0 0.0 -0.0471757638117819 0.0 0.0
0.0 0.0 0.0 -0.481532 0.0 0.0
0.009376391994725815 -0.0038896200000000008 0.0 0.0 -3.7647017999999956e-05 0.0
0.0 0.0 -0.000128785869 -0.5 0.0 -0.0453645
-0.045000000000000005 -0.04748388879375001 -0.003645000000000001 -0.4925037616713879 0.0 0.0
0.0 -0.00025197520500000003 0.0 -0.5 0.0 0.0
0.0 0.0 -0.00024469315109999995 -0.6721279010446333 -0.007045307320685077 0.0
0.0 0.0 0.0 -0.5 0.0 0.0
0.0 0.0 0.0 -0.6695430119848033 0.0 0.0
0.0 0.0 0.0 0.0 -0.00037313325904500007 0.0
0.0 0.0 0.0 0.0 0.0 0.0
0.0 0.0 0.0 0.0 0.0 0.0
0.0 0.0 0.0 0.0 0.0 0.0
0.0 0.0 0.0 -0.5 0.0 0.0
0.0 0.0 0.0 0.0 0.0 0.0
0.0 0.0 0.0 0.0 0.0 0.0
0.0 0.0 0.0 0.0 0.0 0.35082560765203996
0.0 0.0 0.0 0.0 0.0 0.0
0.0 0.0 0.0 1.2000000000000002 0.0 0.0
0.0 0.0 0.0 0.0 0.0 0.0
0.0 0.0 0.0 0.0 0.0 0.0
0.0 0.0 0.0 0.0 0.0 0.0
-0.0014399599796998293 -0.0003280500000000001 -0.06925500000000001 -0.04464647503159141 -0.5000315059220001 -0.1584
-0.0003280500000000001 -0.006425638291152002 0.004965605748209359 0.0 -0.9495833972327601 0.0
-0.04532805000000001 -0.08955000000000002 0.0 0.0 -0.48020000000000007 -0.1584
0.0 -0.08955000000000002 1.5531794138189843 -0.0855 -0.500450586004742 -5.0486895000000006e-05
-0.04532805000000001 0.0 7.144820639780362 0.15087026046658494 -0.5 -0.0855
-0.04079524500000001 -0.045000000000000005 9.857339745386488 -0.0003150592200000001 -0.95 -0.045050486895000005
-0.009947205000000004 -0.005587761763125001 3.3758971408486946 -0.051551489436801004 -0.2888116393495792 -0.004145925100500001
0.0 -0.0004183001999999995 0.0 -0.04392478226009418 -0.500032805 0.0
-0.0003645000000000001 -0.0050065111637999996 2.948333773162586 -0.0003500658000000001 -1.3546353921211218 0.0
0.0 0.0 0.0 0.0 -0.5 0.0
-0.02872766699999999 -0.0076950000000000005 0.0 -0.007108027815747653 -1.6823508044613595 -0.04050000000000001
0.05792747132723001 -0.08955000000000002 0.0 0.0 -0.500450586004742 0.0
0.0 0.0 0.0 0.0 0.0 0.0
0.0 0.0 0.0 0.0 -0.5 0.0
0.0 0.0 0.0 0.0 0.0 0.0
0.0 0.0 0.0 0.0 -0.5 0.0
0.0 0.0 0.0 0.0 -0.5 0.0
0.0 0.0 0.0 0.0 0.0 0.0
0.0 0.0 0.0 0.0 -0.5 0.0
0.0 0.0 0.0 0.0 0.0 0.0
0.0 0.0 0.0 0.0 0.0 0.0
0.0 0.0 0.0 0.0 0.0 0.0
0.20520000000000005 0.0 0.0 0.0 -0.5 0.0
0.0 0.0 0.0 0.0 0.0 0.0
0.0 0.0 0.0 0.0 -0.5 0.0
0.0 0.0 0.0 0.0 0.0 0.0
0.0 0.0 0.0 0.0 0.0 0.0
0.0 0.0 0.0 -0.04050000000000001 -0.5 0.0
0.0 0.0 0.0 -0.04392478226009418 -0.3195001792068257 0.0
0.0 0.0 0.0 -0.045000000000000005 0.0 0.0
-0.0011547360000000002 0.0 2.1902641326724264 0.0 0.0 0.0
0.0 0.0 0.0 0.0 0.0 0.0
0.0 0.0 0.0 0.0 -0.5 0.0
0.0 0.0 0.0 -0.0855 -0.500032805 0.0
0.0 0.0 0.0 0.0 -0.499619462 0.0
0.0 0.0 0.0 0.0 0.0 0.0
0.0 0.0 0.0 0.0 0.0 0.0
0.0 0.0 0.0 0.0 0.0 0.0
0.0 0.0 0.0 0.0 0.0 0.0
0.0 0.0 0.0 0.0 0.0 0.0
0.0 0.0 0.0 0.0 0.0 0.0
0.0 0.0 0.0 0.0 -0.5 0.0
0.0 0.0 0.0 0.0 0.0 0.0
0.0 0.0 0.0 0.0 0.0 0.0
0.0 0.0 0.0 0.0 0.0 0.0
0.0 0.0 0.0 0.0 0.0 0.0
0.0 0.0 0.0 0.0 0.0 0.0
0.0 0.0 0.0 0.0 0.0 0.0
-0.1099413 -0.045000000000000005 0.1380068513976611 -0.045000000000000005 -0.1832630134285224 -0.48020000000000007
-0.004050000000000001 0.0 0.0 0.0 -0.0025854900299999996 -0.5
-0.12195 -0.004414638760294243 1.6737074015733548 -0.045000000000000005 -0.0006925500000000001 -0.95
-0.11557270800000001 0.0 0.0 -2.5921556272499002e-05 -0.0006925500000000001 -0.5
-0.154755 -0.045000000000000005 5.14230784739766 -2.5921556272499002e-05 -0.15141157240152237 -0.2922332624088923
0.0 0.0 1.4241113135883516 -0.0002952450000000001 0.024867348907622096 -0.3209388012692328
-0.12195 -0.045000000000000005 0.0 -0.0047476576611782005 -0.06925500000000001 -0.50405
0.0 0.0 0.0 0.0 0.003440880000000002 4.6190782715204
0.0 -0.04050000000000001 0.0 -0.004050000000000001 -0.0006232950000000001 -2.084
0.0 0.0 0.0 0.0 0.0 0.0
-0.0003539700000000004 -0.04050000000000001 3.7193115035996946 0.08964685329365647 0.0 -0.28175000000000006
0.0 0.12101057512041603 -0.004050000000000001 0.0 -0.11768789095211711 -0.5
0.0 0.0 1.569208652738514 0.0 0.0 -0.5
0.0 0.0 0.0 -0.004050000000000001 0.0 0.3651519999999999
0.0 0.7471092293003989 0.0 0.0 0.0 -0.5
0.0 0.0 0.0 0.0 0.0 -0.06349999999999989
0.0 0.0 0.0 0.0 -0.04504055274042679 0.0
0.0 2.261504412025485 0.0 0.0 0.0 -0.95
0.0 0.0 0.0 0.0 0.0 0.0
0.0 0.0 0.005165606520000003 0.0 0.0 -0.5
0.0 0.0 0.0 0.0 0.0 0.0
0.0 0.0 0.0 0.0 0.0 0.0
0.0 0.0 4.411129235641365 0.0 0.0 -0.9908645
0.0 0.0 0.0 0.0 0.0 -0.06349999999999989
0.0 0.0 0.0 0.0 -0.12195 0.0
0.0 0.0 0.0 0.0 0.0 0.0
0.0 0.0 0.0 0.0 0.0 0.02198490970000011
0.0 0.0 0.0036092058413807132 0.0 0.0 0.0
-0.004050000000000001 -0.08182293602255758 2.371798065574727 0.0 0.0 -0.5
0.0 0.0 0.0 -0.012888058538844838 0.0 -0.5253575
0.0 0.0 0.0 0.10111044745120747 0.0 0.0
0.0 0.0 0.013724625906170764 0.0 0.0 0.0
0.0 0.0 0.0 0.0 0.0 -0.5
0.0 0.0 0.0 0.0 0.0 0.0
0.0 0.0 0.0 0.0 -0.0006925500000000001 -0.5253575
-0.045000000000000005 0.0 0.0 0.0 0.0 -0.50405
0.0 0.0 0.0 0.0 0.0 0.0
0.0 0.0 0.0 0.0 0.0 0.0
0.0 0.0 0.0 0.0 0.0 0.0
0.0 0.0 0.0 0.0 0.0 0.0
0.0 0.0 0.0 0.0 0.0 0.0
0.0 0.0 0.0 0.0 0.0 0.0
0.0 0.0 0.0 0.0 0.0 0.0
0.0 0.0 0.0 0.0 0.0 0.0
0.0 0.0 0.0 0.0 0.0 -0.545
0.0 0.0 0.0 0.0 0.0 0.0
0.0 0.0 0.0 0.0 0.0 0.0
0.0 0.0 0.0 0.0 0.0 0.0
