44.75313046327277 0.7744883700667111 0.015375530978705053 0.008365610501655647 0.022602505057559123 0.07108278222538394
51.02158856098058 0.02370708000000001 1.1247903895473481 0.0 0.0 0.0
6.8734610240345635 0.0 0.00623295 0.0 0.0 0.0
19.647858782196735 0.0 0.0 0.0 0.0 0.18520650000000002
0.0 3.636099892291729 0.0029068744453450202 0.0 0.0 0.0
24.741651686233425 0.0 0.0 0.0 0.0 0.015228018335530292
12.270110016368447 0.0 0.00623295 0.07764255000000002 0.0 0.17865000000000003
0.0 0.0 0.3907405894651451 0.0 0.0 0.0
0.0 0.2684126034205845 0.0003280500000000001 0.31659712487256914 7.259361499719846 0.0
0.0 0.0 1.7414805438039103 0.0 0.0 0.0
10.417847545670478 0.6738839563124093 0.0 0.0 0.0 0.0
0.0 0.0 0.26737966800000007 0.0 0.0 0.0
45.35155044206617 0.0 0.0 0.0 0.0 0.0
0.0 0.0 0.002368259929633573 0.0 0.0 0.0
2.2460846659064337 0.0 0.0 0.0 0.0 0.0
0.0 0.0 0.0 0.0 5.722006912285503e-06 0.0
0.0 0.0 0.0 0.0 0.0 0.0
4.30849527091063 0.0 0.0 0.027641511759249622 0.0 0.0
0.0 0.0 0.0 0.0 0.0 0.0
0.0 0.0 0.0 0.0 0.0 0.0
9.810885251099409 0.0 0.0 0.0 0.0 0.0
0.0 0.0 0.0 0.0 0.0 0.0
2.6963087981601 0.0 0.0 0.0 0.0 0.0
0.0 0.0 0.0 0.0 0.0 0.0
46.45276201592222 0.0 0.0019347779515905008 0.0 0.0 0.0
23.37528313976019 0.0 0.0 0.0 0.0 0.0
0.0 0.0 0.0 0.0 0.0 0.0
0.0 0.0 0.0 0.0 0.0 0.0
0.0 0.0 0.0 0.0 0.0 0.0
0.0 0.0 0.00454382055 0.0 0.0 0.805638456546064
0.500330847029722 0.0 0.0 0.0 0.0 0.0
2.1636368930085275 0.0 0.0 0.0 0.0 0.0
0.0 0.0 2.4226714378240244 0.0 0.0 0.0
0.0 0.0 0.0 0.0 0.0 0.0
0.0 0.0 1.9056333560669159 0.0 0.0 0.0
0.0 0.0 0.0 0.0 0.0 0.0
44.473411601476705 0.0 0.0 0.0 0.0 0.0
11.073623671396858 0.0 0.0 0.0 0.0 0.0
0.5 0.0 0.0 0.0 0.0 0.0
0.0 0.0 0.0 0.0 0.0 0.0
0.0 0.0 0.0 0.0 0.0 0.0
0.0 0.0 0.0 0.0 0.0 0.0
0.0 0.0 0.0 0.0 0.0 0.0
0.0 0.0 0.0 0.0 0.0 0.0
0.0 0.03485547224643189 0.0 0.0 0.0 0.0
0.0 0.0 0.0 0.0 0.0 0.0
0.0 0.0 0.0 0.0 0.0 0.0
0.0 0.0 0.0 0.0 0.0 0.0
0.0 14.04420909563936 6.232950000000001e-05 0.003645000000000001 0.08682795000000001 0.0006232950000000002
0.0 5.686902178822008 0.0 0.0 0.0 0.4303144721781713
0.6186114921631107 19.92883368878526 0.025583304060000003 0.06657937758045002 0.0 0.017523765058500004
0.0 25.46349995520385 0.0012830400000000003 0.006925500000000002 0.0 0.0
0.0 2.3709666882806175 0.0 0.0 0.0 0.0
0.0006925500000000001 1.208748 1.3738999488501697 0.0 0.0 0.0
0.0 9.320954289603996 0.0076950000000000005 0.006925500000000002 0.0 0.045000000000000005
0.0 7.161539821301426 0.0076950000000000005 0.018769674052980453 0.0 0.0
0.0 10.220897765209676 0.002713301550000001 0.003645000000000001 0.0 0.0
0.0 17.278973653374024 0.0012830400000000003 0.0 0.0 0.0005609655000000001
0.0 15.19949190102348 0.012283325585686376 0.0 0.0 0.5577498735583378
0.0 1.777324188499792 0.0 0.0 0.0 0.0
0.0 0.0 1.0136124000000002 0.085617212265 0.0 0.0
0.0 0.0 0.0 0.0 0.0 0.0
0.0 23.574461930254202 0.08748000000000003 0.11796449495373677 0.01421913467696509 0.0
0.0 7.82603627566243 0.0 0.0 0.0 0.0
0.0 1.6500000000000001 0.0 0.0 0.0 0.0
0.0 0.0 0.0 0.0 0.0 0.0
0.0 6.745253852021373 0.0 0.0 0.0 0.0
0.0 3.326794219810952 0.0 0.0 0.0 0.0
0.018520650000000003 3.993322846985012 0.0 0.0 0.0 0.0
0.0 0.0 0.0 0.0 0.0 0.0
0.0 6.8884099443572575 0.0 0.0 0.0 0.0
0.0 0.0 0.0 0.0 0.0 0.0
0.0 0.6258872925500001 0.0 0.0 0.0 0.0
0.0 0.0 0.0 0.0 0.0 0.0
0.0 0.5018847555065 0.0 5.15057023133209 0.0 0.0
0.0 6.907838515623358 0.0012830400000000003 0.0 0.0 0.0
0.0 0.0 0.0 0.0 0.0 0.5465442675658433
0.0 0.0 0.0 0.0 0.0 0.0
0.0 3.7131338558488003 0.0 0.0 0.0 0.0
0.0 0.0 0.0 0.0 0.0 0.0
0.0 0.0 0.0 0.0 0.0 0.0
0.0 0.0 0.0 0.0 0.0008637033241280639 0.0
0.0 1.6891843186501831 0.0 0.0 0.0 0.0
0.0 0.0 0.0 0.0 0.0 0.0
0.0 0.0 0.0 0.0 0.0 0.0
0.0 0.0 0.0 0.0 0.0 0.0
3.543570927971116 0.0 0.0 0.0 0.0 0.0
0.0 3.9486992086184856 0.0 0.0 0.0 0.0
0.0 0.0 0.0 0.0 0.0 0.0
0.0 0.0 0.0 0.0 0.0 0.0
0.0 0.0 0.0 0.0 0.0 0.0
0.0 0.0 0.0 0.0 0.0 0.0
0.0 0.0 0.0 0.0 0.0 0.0
0.0 0.0 0.0 0.0 0.0 0.0
0.0 0.0 0.0 0.0 0.0 0.0
0.0 0.0 0.0 0.75974397302778 0.0 0.0
0.18937318613657167 0.0 0.0 0.0 0.0 0.0
0.0 0.0 0.0 0.0 3.7058495181570485 0.0
0.0 0.0 3.247207205 0.03280500000000001 0.0 0.0
0.0 0.0 5.622708 0.0 0.0 0.0
0.0 0.03645000000000001 1.2000056096550002 0.0 0.0 0.0
0.0 0.04050000000000001 11.431646710272824 0.0 0.0 0.0
0.0002616187000810518 0.0 1.9220000000000002 0.0 0.0 0.0
0.0 0.0 0.0 0.0 0.0 0.17244900000000002
0.0 0.0 1.58 0.0 0.07253550000000002 0.0
0.0 0.0 0.5 0.0 0.0 0.0
0.0 0.0 0.0 0.4399345127342573 0.0 0.0
0.0 0.0 0.0 0.0 0.0 0.0
0.0 0.032298604948278 20.976663401417 0.0 0.0454382055 0.0003280500000000001
0.0 0.0 0.0 5.063502756274211 0.0 0.0
0.0 0.13648139539651527 10.389481555747164 0.0 0.0855 0.000987795
0.0 0.0 11.807140891300367 0.0 0.0 0.0
10.408277204635926 6.232950000000001e-05 0.0 0.0 0.002047546936606735 0.0
0.0 0.11394310085686374 43.350088728570874 0.0 0.0 0.0008988934500000002
0.0 0.03224233883142001 15.957285877644585 0.0 0.0 0.0003645000000000001
0.0 0.0 13.788061513572831 0.0 0.0 0.0
0.0 0.009877950000000002 7.542640881933647 0.0 0.0 0.0
0.0 0.0 3.0353831620680003 0.0 0.0 0.0
0.0 0.0 17.22542509167365 0.045000000000000005 0.0 0.0
0.0 0.0 7.447989192480231 0.0 0.0 0.0
0.0 0.0 0.0 0.0 0.0 0.0
0.0 0.0 1.2000000000000002 0.0 0.0 0.0
0.0 0.0 0.0 0.0 0.0 0.0
0.0 0.0 1.2000000000000002 0.0 0.0 0.0
0.0 0.0 0.0 0.0 0.0 0.0
0.0 0.0 0.0 0.0 0.0 0.7399629856973098
0.0 0.0 0.0 0.0 0.0 0.0
0.0 0.0 0.0 0.0 0.0 0.0
0.0 0.0 1.2000000000000002 0.0 0.0 0.0
0.0 0.0 0.0 0.0 0.0 0.0
0.0 0.0 0.0 0.5208247507102941 0.0 0.0
0.0 0.0 0.0 0.0 0.0 0.0
0.0 0.0 0.0 0.0 0.0 0.0
0.0 0.0 0.0 0.0 0.0 0.0
0.0 0.0 0.95 0.0 0.0 0.0
0.0 0.0 1.200053439345 0.0 0.0 0.0
0.0 0.0 0.0 0.0 0.5435928366118178 0.0
0.0 0.0 25.30090747488713 0.0 0.0 0.0
0.0 0.0 0.0 0.0 0.0 0.0
0.0 0.0 0.0 0.0 0.0 0.0
0.0 0.0 0.0 0.0 0.0 0.0
0.0 0.0 2.2800000000000002 0.0 0.0 0.0
0.0 0.0 1.6500000000000001 0.0 0.0 0.0
0.0 0.0 0.0 0.0 0.0 0.0
0.007695000000000002 0.10533137069655 0.0 14.263883586013456 0.0 0.0
1.0319918695905899 0.0 0.0 0.0 0.0 0.0
0.0006925500000000001 0.04050000000000001 0.0 17.04044975269015 0.1876967405298045 0.0
0.0 0.0 0.0 10.113419459268057 0.0016570359904500003 0.0
0.006987829500000002 0.0 0.0 7.7381961825193155 0.0 0.0
0.0 0.0 0.0 21.86463083604071 0.0 0.0
0.03897124435929151 0.13401520403121966 0.011459919587980502 31.860724820229457 0.102215304927864 0.08062071316833352
0.0 0.0 0.0 36.29164234725354 0.2100395614795137 0.0
0.006987829500000002 0.0 0.0 10.435343436394492 0.0007849117849500002 0.0
0.0 0.0 0.0 0.0 0.0 0.0
0.05365845000000001 0.0 0.0 18.468830404112847 0.0 0.0
0.0 0.0 0.0 2.685 0.0 0.0
0.0 0.0 0.0 6.77845886551175 0.0 0.0
0.0 0.0 0.0 0.0 0.0 0.0
0.0 0.0 0.0 9.790346251428273 0.0 0.0
0.0 0.0006232950000000001 0.0 6.078912129730801 0.0 0.0
0.0 0.0 0.0 0.5 0.0 0.0
0.0 0.0 0.0 0.0 0.0 0.0014121476824050002
0.0 0.13615206359829143 0.0 33.24595458512099 0.0 0.012830805000000004
0.0 0.0 0.0 27.280793198711752 0.0 0.0
0.0 0.0 0.0 0.0 2.4447131170649916 0.0
0.0 0.0 0.09720000000000004 0.0 0.0 0.0
0.0 0.0 0.0 0.0 3.2273824323176163 0.0
0.0 0.0 0.0 0.5 0.0 0.0
0.0 0.0 0.0 0.0 0.0 0.0
0.0 0.0 0.0 0.0 0.0 0.0
0.0 0.0 0.0 0.0 0.0 0.3148094663772285
0.0 0.0 3.280500000000001e-05 0.0 0.0 0.0
0.0 0.0 0.0 0.50215233605 0.0 0.0
0.0 0.0 1.4473569244903859 0.0 0.0 0.0
0.006987829500000002 0.0 0.0 27.40829468282027 0.0 0.0
0.0 0.0 0.32483470240809376 24.712304715582313 0.0 0.0
0.0 0.0 0.0 3.4509733067175317 0.0 0.0
0.0 0.0 0.0 0.0 0.0 0.0
0.0 1.800574425262165 0.0 0.0 0.0 0.0
0.0 0.0 0.0 0.0 0.0 0.0
0.0 0.0 0.0 0.0 0.0 0.0
0.0 0.0 0.0 0.0 0.0 0.0
0.0 0.0 0.0 0.0 0.0 0.0
0.0 0.0 0.0 0.0 0.0 0.0
0.0 0.0 0.0 0.0 0.0 0.0
0.0 0.0 0.0 0.0 0.0 0.0
0.0 0.0 0.0 0.0 0.0 0.0021523360500000006
0.0 0.0 0.0 6.905320245132255 0.0 0.0
0.0 0.0 0.0 0.0 0.0 0.0
0.0 0.0 0.0 0.0 0.0 0.0
0.0 0.0 0.0 0.0 0.0 0.0
0.0 0.0 0.0 0.0 0.0 0.0
0.0 0.0 0.0 0.0 13.9351510901214 0.007773329917152573
0.0 0.0 0.0 4.171343039056131e-05 0.0 0.0
0.0 0.0 0.0 0.0 11.010194865240468 0.00959670360142293
0.0 0.4668072562656944 0.0 0.0 0.0 0.0
0.0 0.0002657205000000001 0.0 7.849117849500002e-05 10.971531738809356 0.0
0.028087063602287167 0.0 0.0 0.0 9.878558793668155 0.0
0.0 0.0 0.0 0.009690268950000002 8.378179501509855 0.008637033241280637
0.0 0.0 0.21790359762228004 0.0 12.669503021895114 0.0
1.3377930787384025 0.0 0.015863513850000007 0.0011243078642333207 18.010184355081872 0.010905169320000001
0.0 0.0 0.0 0.0 6.828645510379987 0.0
0.0 0.0 0.0 0.0 6.526283716692981 0.01476932684258989
0.25095072695301335 0.0 0.0 0.0 0.0 0.0
0.0 0.0 0.0 0.0 2.0706952100000002 0.0
0.0 0.0 0.0 0.0 0.0 0.0
0.0 0.0 0.0 0.0 0.0 0.0
0.0 0.0 0.0 0.0 0.0 0.0
0.0 0.0 0.0 0.0 0.0 0.0
0.0 0.0 0.0 0.0 0.0 0.0
0.0 0.0 0.0 0.0 1.8891643407796153 0.0
0.0 0.0 0.0 0.0 0.0 0.0
0.0 6.919838370936072 0.0 0.0 0.0 0.0
0.0 0.0 0.0 0.0 0.5 0.0
0.0 0.0 0.0 0.0 1.6500000000000001 0.0
0.0 0.0 0.0 0.0 1.4841643407796152 0.0
0.0 0.0 0.0 0.0 0.500101187707781 0.0
0.0 0.0 0.0 0.0 0.0 0.0
0.0 0.0 0.0 0.7404599289123981 0.0 0.0
0.0 0.0 0.0 0.0 0.0 0.0
0.0 0.0 0.0 0.0 0.0 0.0
0.0 0.0 0.0 0.0 0.0 0.0
0.0 0.0 0.0 0.0 0.0 0.0
0.0 0.0 0.0 0.0 1.814133401955726 0.0
0.28352521086908217 0.0 0.0 0.0 0.0 0.018260273557621852
0.0 0.0 0.0 0.0 0.0 0.0
0.0 0.0 0.0 0.0 2.2800000000000002 0.0
0.0 0.06346800000000001 0.0 0.0 0.0 0.0
0.0 0.0 0.0 0.0 0.0 0.0
0.0 0.0 0.0 0.0 0.0 0.0
0.0 0.0 0.0 0.0 0.0 0.0
0.0 0.0 0.0 0.0 0.0 0.0
0.0 0.0 0.0 0.0 0.0 0.0
0.0 0.0 0.0 0.0 0.0 0.0
0.0 0.0 0.0 0.0 0.0 0.0
0.0 0.0 0.0 0.0 0.0 0.0
0.0 0.0 0.0 0.0 0.5 0.0
0.0 0.0 0.0 0.0 0.0 0.0
0.0 0.0 0.0 0.0 0.0 0.0
0.0 0.0 0.0 0.0 0.0 0.0
0.0 0.3782789510698368 0.0 0.013365000000000002 0.0 13.908255899689124
0.0 0.0 0.0 0.0 0.0 4.775039547922418
0.0 0.006232950000000001 0.18495000000000003 0.0 0.0 7.551025351049093
0.0 0.0 0.0 0.0 0.0 7.207587907803408
0.0 0.0 0.0 0.0 0.0 5.209102564094921
0.0 0.0 0.004050000000000001 0.0 0.0 11.620372678957207
0.0 0.0 0.0 0.21963977516828836 0.0 5.183517933649071
0.04050000000000001 0.0 0.0 1.6863438397908703 0.0 0.0
0.0 8.014722175860161 0.0 0.0 0.08637033241280637 0.0
0.0 0.0 0.0 0.0 0.0 0.0
0.0 0.005609655000000001 0.0 0.18605876953243294 0.0 17.633314877630987
0.0 0.0 0.0 0.0 0.0 14.99480251183144
0.0 0.0 0.0 0.0 0.0 4.873069994430823
0.0 0.0 0.0 0.0 0.0 0.0
0.0 0.0 0.0 0.0 0.0 2.6901895501970614
0.0 0.0 0.0 0.0 0.0 0.0
0.0 0.0 0.0 0.0 0.0 0.0
0.0 0.0 0.0 0.0 0.025095072695301337 0.0
0.0 0.0 0.0 0.0 0.0 0.5
0.0 0.0 0.0 0.0 0.0 0.0
0.0 0.0 0.0 0.0 0.0 2.519533477810266
0.0 0.0 0.0 0.0 0.0 0.0
0.0 0.0 0.0 0.0 0.0 11.375692397685333
0.0 0.0 0.0 0.0 0.0 6.1325424433664875
0.0 0.0 0.0 0.0 0.0 2.6569960416924365
0.0 0.0 0.0 0.0 0.0 0.0
0.0 0.0 0.0 0.0 0.0 1.8495881644160848
0.0 0.0 0.0 0.0 0.0 0.0
0.0 0.0 0.0 0.0 0.0 0.0
0.0 0.0 0.0 0.0 0.0 0.0
0.0 0.7975492700580136 0.0 0.0 0.0 0.0
0.0 0.0 2.070381856091606 0.0 0.0 0.0
0.0 0.0 0.0 1.0627413180377967 0.0 0.0
0.0 0.0 0.0 0.0 0.0 0.0
0.0 6.151821755109816 0.0 0.0 0.0 0.0
0.0 0.0 0.0 0.0 0.0 0.0
0.0 0.0 0.0 0.0 0.0 0.0
0.0 0.0 0.0 0.0 0.0 0.0
0.0 0.0 0.0 0.0 0.0 0.0
0.0 0.0 0.0 0.0 0.0 0.0
0.0 0.0 0.0 0.0 0.0 0.0
0.0 0.0 0.0 0.0 0.0 0.0
0.0 0.0 0.0 0.0 0.0 0.0
0.0 0.0 0.0 0.0 0.0 0.0
0.0 0.0 0.0 0.0 0.0 0.0
0.0 0.0 0.0 0.0 0.0 0.0
0.0 0.0 0.0 0.0 0.0 0.0
0.0 0.0 0.0 0.0 0.0 0.0
