1.58 0.0 0.0 0.005048689500000002 0.0 8.05611581587235
1.2000000000000002 0.0 0.0 0.00623295 0.0 5.3904399018472615
1.6880000000000002 0.0 0.0 0.0 0.0 0.0
4.639206551988825 0.0 0.0 0.0 0.0 0.0
4.273194851995566 0.0 0.0 0.0 0.0 0.0
5.468984546605675 0.0 0.0 0.0 0.0 0.0
4.330536787152344 0.0 0.0 0.0 0.0 0.0
0.0 0.0 0.024133713661439994 0.0014959080000000007 0.0 0.0
0.0 0.0 0.0 0.0 0.0 0.0
0.0 0.0 0.0 5.6143809654475785 0.0 0.0
2.0922911720879678 0.0 0.0 0.0 0.0 0.0
1.58 0.0 0.0 0.0 0.0 0.5710372598469472
22.32577579536131 0.0 0.0 0.10869255000000003 0.0 0.0
26.45181625966997 0.5094879521093262 0.0 0.0 0.09743085000000001 0.0
0.0 0.0 0.04138776000000001 0.0 1.824618670648328 0.0
8.666059786548036 0.0 0.0 0.0 0.0 0.0
5.3136283217668625 0.0 0.0 0.0 0.0 0.0
8.617689876500515 0.0 0.0 0.0 0.0 0.0
7.266139362126565 0.0 0.0 0.0 0.10800000000000004 0.0
15.501140846060155 0.0 0.0 0.0 0.0 0.0
0.0 0.0 0.0 0.0 0.0 0.0
16.388414986881408 0.0 0.0 0.480709998 0.0 0.0
7.415362230656065 0.0 0.0 0.0 0.0 0.0
9.07976120787907 0.0 0.0 0.0 0.0 0.0
16.416797460657534 0.0 0.0 0.0050486895 0.0 0.0
20.177415924415087 0.012798000000000002 0.0 0.0 0.0 0.0
0.0 0.5033396416300399 0.0 0.0 0.0 0.0
0.0 0.0 0.0 0.0 0.0 0.0
0.0 0.0 0.0 0.0 0.0 0.0
0.0 0.0 0.0 0.0 0.0 0.0
0.0 0.0 0.0 0.0 0.0 0.0
0.0 0.0 0.0 0.0 0.0 0.0
0.0 0.0 0.0 0.0 0.0 0.0
0.0 0.0 0.0 0.0 0.0 0.0
0.0 0.0 0.0 0.0 0.0 0.0
0.0 0.0 0.0 0.0 0.0 0.0
0.0 0.0 10.805281267143219 0.0 0.0 0.0
22.761764332534327 0.0 0.0 0.0 0.0 0.0
0.0 0.0 0.0 0.0 0.0 0.0
0.0 0.0 0.0 0.0 0.0 0.07695
0.0 0.0 0.0 0.0 0.0 0.0
0.0 0.0 0.0 0.0 0.0 0.0
0.0 0.0 0.0 0.0 0.0 0.0
0.0 0.0 0.0 0.0 0.0 0.0
0.0 0.0 0.0 0.0 0.0 0.0
0.0 0.0 2.872761639426706 0.0 0.0 0.0
0.0 0.0 0.0 0.0 0.0 0.0
0.0 0.0 0.0 0.0 0.0 0.0
0.0 0.0 0.0 0.0 0.0 0.0
0.0 0.0 0.0 0.0 0.0 0.0
0.0 18.8172961949457 0.0 0.0 0.0 0.0
0.0 30.6581267703491 0.0 0.0 0.0 0.0
0.0 2.22722530779697 0.0 0.0 0.0 0.0
0.0 13.922643603836507 0.0 0.0 0.0 0.0
0.0 4.316743624356038 0.0 0.0 0.0 0.0
0.0 6.143366295846897 0.0 0.0 0.0 0.0
0.0 1.2000000000000002 0.0 0.0 0.0 0.0
0.0 12.286421830911868 0.0 0.0 0.0 0.0
0.0 0.0 0.05086638000000001 0.0 0.0 0.0
0.0 0.0 0.0 0.0 0.0 0.0
0.0 11.003710708997772 0.0 0.0 0.12798 0.0
0.0 7.447616808907422 0.0014011380000000003 0.0 0.0 0.0
0.0 32.30046971905375 0.0 0.0 0.0 0.3431159708559652
0.0 30.27231341061374 0.10172797272180001 0.0 0.0 0.07313395940047464
0.0 4.905002509293284 0.0 0.0 0.0 0.263412
0.0 20.53277816609836 0.0 0.0 0.15568200000000001 0.0
0.0 5.738807259485875 0.0 0.033133050000000004 0.0 0.0
0.0 14.990240029553938 0.0 0.0 0.0 0.13463172
0.0 7.786839291801983 0.0 0.0 0.0 0.0
0.0 14.373251473952772 0.0014011380000000003 0.0002952450000000001 0.0 0.0
0.0 17.136029185666626 0.002662162200000001 0.0 0.0 0.11629765957217034
0.0 16.60643078420036 0.0 0.75643229376358 0.0 0.0
0.0 0.0 0.0 0.0 0.0 0.0
0.0 1.2000000000000002 0.0 0.0 0.0 0.0
0.0 0.0 0.0 0.4764304973236892 0.0 0.0
0.0 13.833588162485027 0.0 0.0 0.0 0.0
0.0 0.0 0.0 0.0 0.0 0.0
0.0 0.0 0.0 0.0 0.0 0.0
0.0 0.0 0.0 0.0 0.0 0.0
0.0 1.2000000000000002 0.0 0.0 0.0 0.0
0.0 0.0 0.0 0.0 0.0 0.0
0.0 0.0 0.011518200000000001 0.0 0.0 0.0
0.0 0.0 0.0 0.0 0.0 0.0
0.0 0.0 0.0 0.0 0.0 0.0
0.0 0.0 0.0 0.0 0.0 0.0
0.0 0.0 0.0 0.0 0.0 0.026490790800000004
0.0 0.0 0.0 0.0 0.0 1.3168555425702266
0.0 0.0 0.0 21.022283654963573 0.0 0.5743007458395605
0.0 0.0 0.0 0.0 0.0 0.0
0.0 0.0 0.0 0.43389453516190174 0.0 0.0
0.0 0.0 0.0 0.0 0.0 0.0
0.0 3.677532276365427 0.0 0.0 0.0 0.0
0.0 0.0 0.0 0.0 0.0 0.0
0.0 0.0 0.0 0.0 0.0 0.0
0.0 0.0 0.0 0.0 0.0 0.0
0.0 0.0 0.0 0.0 0.0 0.0
0.0 0.0 0.5 0.0 0.0 0.0
0.0 0.0 0.0 0.0 0.0 0.0
0.0 0.0 0.0 0.0 0.0 0.0
0.14220000000000002 0.0 2.2800000000000002 0.0 0.0 0.0
0.0 0.0 12.427760358882672 0.0 0.0 0.0
0.0 0.0 12.307565556980089 0.0 0.0 0.0
0.0 0.0 0.0 0.0 0.0 0.0
0.0 0.0 9.266075773377791 0.0 0.0 0.0
0.0 0.0 10.423929866588688 0.0 0.0 0.0
0.0 0.0 0.0 0.0 0.0 0.0
0.0 0.0 0.0 0.0 0.0 0.0
0.0 0.0 0.0 0.0 0.0 0.0
0.0 0.0 0.0 2.878262590617614 0.007873200000000004 0.0
0.0 0.0 36.50637245579965 0.11502793346397441 0.41387760000000007 0.0
0.12798 0.0 10.453575243600225 0.0 0.0 0.0
0.0 0.015568200000000003 14.02722279895422 0.0013463172000000004 0.0 0.0
0.0 0.014011380000000002 0.0 0.0 15.097626968698549 0.0
0.0 0.0 56.48183772474759 1.0029165378507392 0.35560666316723405 0.0
0.0 0.0 5.896381861297136 0.0 0.0 0.0
0.0 0.0 58.65871857460439 0.0 0.18468000000000004 0.0
0.0 0.0 54.61877055504583 0.16150398089691625 0.007873200000000004 0.0
0.0 0.0 0.0 6.230909687681553 0.0 0.0
0.0 0.0 0.0 0.0 0.976695847639257 0.0
0.0 0.0 1.2000000000000002 3.6494298727427905 0.0 0.0
0.0 0.045000000000000005 0.0 0.0 0.0 0.0
0.0 0.0 0.0 0.0 0.3976178322437274 0.0
0.0 0.0 0.0 0.0 0.0 0.0
0.0 0.0 0.0 0.0 0.0 0.0
0.0 0.0 0.5 0.0 0.0 0.0
0.0 0.0 10.836423160995642 0.0 0.0 0.0
0.0 0.0 0.0 0.0 0.0 0.0
0.0 0.0 0.0 0.08650389011018206 0.0 0.0
0.0 0.0 2.6259491770523424 0.0 0.0 0.0
0.0 0.0 0.0 0.0 0.0 0.0
0.0 0.0 0.0 0.0 0.0 0.0
0.0 0.0 0.0 0.0 0.0 0.0
0.0 0.0 0.0 2.3258821920652335 0.0 0.0
0.0 0.0 0.0 0.0 0.0 0.0
0.0 0.0 0.0 0.0014959080000000004 0.0 0.0
0.0 0.0 4.337757301078334 0.0 0.0 0.0
0.0 0.0 0.0 22.617404150684642 0.0 0.0
0.0 0.0 64.45929800772774 0.0014959080000000007 0.0 0.0
0.0 0.0 0.0 0.0 0.0 0.0
0.0 0.0 0.0 1.4515837510773362 0.0 0.0
0.0 6.275600246076474 0.0 0.0 0.0 0.0
0.0 0.0 0.0 0.0 0.0 0.0
0.0 0.0 0.0 0.0 0.9188606563553313 0.0
0.0 0.0 0.0 0.0 0.0 0.0
0.0 0.0 0.0 12.997527297746995 0.0 0.0
0.0 0.5826021258241596 0.0 0.0 0.0 0.0
0.0 0.0 0.0 0.0 0.0 0.0
0.0 0.0032805000000000004 0.0 12.55846141610649 0.0 0.0
0.0 0.0 0.0 0.0 0.0 0.0
0.0 0.0 0.0 16.175332461731212 0.0 0.0
0.0 0.0 0.0 76.0288201602156 0.0 0.0
0.0 0.0 0.0 73.95920323303432 0.0 0.0
0.596199280814549 0.0 0.0 0.0 0.0 0.0
0.0 0.0 0.0 0.0 0.0 0.459078678581961
0.0 0.0 0.0 53.3034448612822 0.0 0.0
0.0 0.0 0.0 0.0 0.0 0.0
0.0 0.0 0.016621200000000006 25.990240898931848 0.0 0.05609655000000001
0.0 0.0 0.0 11.629978254319226 0.0 0.0
0.0 0.0 0.0 10.740426007754893 0.0 0.0
0.0 0.0 0.0 53.42557985163793 0.0 0.0
2.0781676621388443 0.0 0.0 0.0 0.0 0.0
0.00013463172000000007 0.016621200000000006 1.7810255046324026 56.082208511110515 0.0 0.0
0.00028422252000000014 0.0 0.0 76.26543203902281 0.0 0.0
0.725585411578842 0.0 0.028675635697988904 70.44257256655837 0.0 0.0331244518095
0.0 0.09720000000000004 0.0 16.840142684376957 0.0 0.0
0.0 0.0 0.0 10.466039696451315 0.0 0.0
0.0 0.0 0.0 76.47865553197063 0.0 0.0
0.0 0.0 0.0 18.679803168811837 0.0 0.0
0.0 0.0 0.0 0.0 0.0 0.0
0.0 0.0 0.0 0.0 0.0 0.0
0.0 0.0 0.0 0.0 0.0 0.0
0.0 0.0 0.0 0.0 0.0 0.0
0.0 0.0 0.0 0.0 0.0 0.0
0.0 0.0 0.0 0.0 0.0 0.3870789834466233
0.0 0.0 0.0 70.87033115550926 0.0 0.0
0.0 0.0 0.0 73.05498372058089 0.37790128483181007 0.0
0.0 0.0 0.0 1.2000000000000002 0.0 0.0
0.0 0.0 0.0 0.0 0.0 0.0
0.0 0.0 0.0 0.0 0.0 0.0
0.0 0.0 0.0 0.0 0.0 0.0
1.1470046405100833 0.0 0.0 0.0 0.0 0.0855
0.0 0.0 0.0 4.972282016204341 0.0 0.0
0.0 0.0 0.0 0.0 0.0 0.0
0.0 0.0 0.0 0.0 0.0 0.11035220288900459
0.0 0.0 0.0 0.0 0.0 0.0
0.0 3.041744335369143 0.0 0.0 0.0 0.0
0.0 0.0 29.581011051050364 0.0 0.0 0.0
0.0 0.0 0.0 77.99201463053069 0.0 0.0
0.0 0.0 0.0 0.0 0.0 0.0
0.0 0.0 0.0 0.0 0.0 0.0
0.0 0.0 0.0 15.524851704112452 0.0 0.0
0.0 0.0 0.0 0.0 0.0 0.0
0.0 0.0 0.0 0.0 1.2000000000000002 0.0
0.0 0.0 0.0 0.0 5.671044887489916 0.0
0.0 0.0 0.0855 0.0 0.0 0.0
0.0 0.0 0.0 0.0 3.102224018070611 0.0
0.0 0.0 0.0 0.0 7.613913343181806 0.0
0.0 0.0 0.0 0.0 22.702695861955178 0.0
0.0 0.0 0.0 0.0 10.303068696453877 0.0
0.0 0.0 0.0 0.0 6.188923421940725 0.0
0.0 0.0 0.0 0.0 24.031869921754563 0.0
0.0 0.0 42.317212022200984 0.0 0.0 0.0
0.0 0.045000000000000005 0.0 0.0 0.0 0.0
0.0 0.0 0.0 0.0 15.133202648331945 0.0
0.0 0.0 0.0 0.0 9.38660195010197 0.0
0.0 0.0 0.0 0.0 9.041069911315166 0.0
0.0 0.0 0.0 0.0 6.196135470782255 0.0
0.21049724071888806 0.0 0.0 0.0 10.132699168927854 0.0
0.0 0.0 0.0 0.0 5.9627028475034445 0.0
0.04326389982000001 0.0 0.0 0.07873200000000002 23.036589883606236 0.0
0.0 0.0 0.0 0.0 5.055846647180001 0.0
1.5081877494474016 0.0 0.0 0.0 0.0 0.0
0.0 0.13808232000000004 0.0 0.0 27.546522034507404 0.0
0.0 0.0 0.0 0.0 19.820497629960606 0.0
0.0 0.0 0.0 0.0 3.833571788566281 0.0
0.0 0.0 0.0 0.0 20.832749010168342 0.0
0.0 0.0 0.0 0.0 0.0 0.0
0.0 0.0 0.0 0.0 0.0 0.0
0.0 0.0 0.0 0.0 0.0 0.0
0.0 0.0 0.0 0.0 0.0 0.0
0.0 0.0 0.0 0.0 0.0 0.0
0.0 0.0 0.0 1.2638248648367105 0.0 0.0
0.0 0.0 0.0007873200000000004 0.0 0.0 0.0
0.0 0.0 0.0 0.0 0.0 0.0
0.0 0.0 0.0 0.0 7.637557028410977 0.0
0.0 0.0 0.0 0.0 19.618690925125357 0.0
0.0 0.0 0.0 0.0 0.0 0.0
0.0 0.0 4.507463026699025 0.0 0.0 0.0
0.0 0.0 0.0 0.0 1.2000000000000002 0.0
0.0 0.0 0.0 0.0 1.58 0.0
0.0 0.0 0.0 0.0 0.0 0.0
0.0 0.0 0.0 0.0 1.2000000000000002 0.0
0.0 0.0 0.0 0.0 0.0 0.0
5.5560137893378485 0.0 0.0 0.0 0.0 0.0
0.0 0.0 0.0 0.0 0.0 0.0
0.0 0.0 0.0 0.0 0.0 0.43274361711116405
0.0 2.7601386595733843 0.0 0.0 0.0 0.0
0.0 0.0 0.0 0.0 22.71128106838842 0.0
0.0 0.0 0.0 0.0 0.0 0.0
0.0 1.04582352606979 0.0 0.0 0.0 0.0
0.0 0.0 0.0 0.0 0.0 17.863983095431784
0.0 0.01046678936149533 0.0 0.0 0.0 2.9678
0.0 0.0 0.0 0.0 0.0 0.5
0.0 3.6705202635134535 0.0 0.0 0.0 0.0
0.0 0.0 0.0 0.0 0.0 0.0
0.0 3.692172541312501 0.0 0.0 0.0 0.0
0.0 0.0 0.0 0.0 0.0 7.464927908613956
0.0 0.0 0.0 0.0 0.0 8.806948693624413
0.0 0.0 0.0 0.0 0.0 3.5307879348
0.0 0.0 0.0 0.0 0.0 6.632106657430246
0.0 0.0 0.0 58.719725397899985 0.0 2.276720594936828
0.0 0.01046678936149533 0.0 0.09720000000000004 0.0 27.711446139608285
0.0 0.3352833712800001 0.0 0.0 15.17907789991777 0.0
0.0 0.0 0.0 0.0 0.0 4.936658160702949
0.0 0.6144262612663016 0.0 0.0 0.0 0.5097200000000001
0.0012028500000000003 0.0 0.0 0.0 0.0 13.049642306420134
0.0 0.0 0.0 0.0 0.0 1.2000000000000002
0.0 0.0 0.0 0.0 0.0 4.947318433207419
0.0 0.0 0.0 0.0 0.0 8.998855069651
0.0 0.0 0.0 0.0 3.494070210981019 0.0
0.0 0.0 0.0 0.0 0.0 3.8368870615124484
0.7857344185362001 0.0 0.0 0.0 0.0 0.0
0.0 0.0 0.0 0.0 0.3342708000000001 36.48531241114206
0.04162861624284245 0.0 0.0 0.0 0.4232270412000001 40.53388925517063
0.0 0.0 0.0 0.0 0.0 12.550674616772094
0.0 0.0 0.0 0.0 0.0 0.0
0.0 0.0 0.0 0.0 0.0 0.0
0.0 0.0 0.0 0.0 0.0 0.0
0.0 0.0 0.0 0.0 0.0 0.0
0.0 0.0 0.0 0.0 0.0 0.5
0.0 0.0 0.0 0.0 0.0 0.0
0.0 0.0 0.0 0.0 0.0 0.0
0.0 0.0 0.0 0.0 0.0 0.0
0.0 0.0 0.0 0.0 0.0 0.0
0.0 0.0 0.0 0.0 0.0 15.111371525108188
0.0 0.01046678936149533 0.0 0.0 0.0 17.1954644332179
0.0 0.0680789064387222 0.0 0.0 0.0 23.288497235344728
0.0 0.045000000000000005 0.0 0.0 0.0 0.0
0.0 0.0 0.0 0.0 0.0 0.0
0.0 0.48030693947089653 0.0 0.0 1.1869587690451762 0.0
0.0 0.0 0.0 0.0 0.0 0.0
0.0 0.0 0.0 0.0 0.0 0.0
0.0 0.0 0.0 0.0 0.0 0.0
0.0 0.0 0.0 0.0 0.0 1.2000000000000002
0.0 0.0 0.0 0.0 0.0 0.0
0.0 0.0 0.0 0.0 0.0 0.0
0.0009743085000000001 0.0 0.0 0.0 0.0 26.260249838343974
0.0 0.0 0.0 0.0 0.0 24.13455759680513
